6000	 -6000	 1050	 1550	 1	 0	 1	  0.8521	 1
-6000	 6000	 1050	 300	 1	 0	 0	  1.3993	 1
-6000	 6000	 1050	 1800	 0	 1	 0	  1.2139	 2
6000	 -6000	 1050	 1550	 1	 0	 0	  2.7644	 1
12000	 -6000	 1050	 1550	 0	 0	 0	  2.9547	 1
12000	 -6000	 1050	 1550	 0	 1	 0	  1.7786	 2
12000	 -12000	 1050	 1050	 0	 1	 0	  1.7649	 1
12000	 -12000	 1050	 550	 0	 0	 0	  4.0184	 2
12000	 -12000	 1050	 300	 0	 1	 1	  0.5060	 2
12000	 -12000	 1050	 800	 0	 0	 1	  2.0500	 1
-12000	 6000	 1050	 1300	 1	 0	 0	  2.1789	 2
12000	 -6000	 1050	 1800	 0	 1	 1	  0.3836	 1
12000	 -6000	 1050	 1050	 0	 0	 0	  1.0680	 1
-12000	 6000	 1050	 1050	 1	 0	 1	  0.8579	 2
12000	 -12000	 1050	 1300	 1	 0	 1	  3.5418	 2
-12000	 12000	 1050	 1050	 1	 0	 0	  6.0233	 1
6000	 -6000	 1050	 800	 0	 0	 0	  1.0234	 1
12000	 -12000	 1050	 1800	 1	 0	 1	  0.6129	 1
12000	 -12000	 1050	 550	 0	 1	 1	  2.5435	 1
-6000	 6000	 1050	 1550	 0	 1	 0	  3.6930	 2
-12000	 12000	 1050	 1550	 0	 0	 0	  1.0444	 2
-12000	 6000	 1050	 550	 0	 0	 0	  2.7649	 2
-12000	 12000	 1050	 550	 0	 0	 1	  0.5346	 1
-12000	 12000	 1050	 550	 0	 0	 1	  0.7486	 2
-6000	 6000	 1050	 800	 1	 0	 1	  2.4701	 2
-12000	 12000	 1050	 300	 0	 0	 0	  1.0320	 1
12000	 -12000	 1050	 1550	 0	 1	 0	  2.2330	 2
12000	 -12000	 1050	 1550	 0	 0	 1	  2.7233	 1
-6000	 6000	 1050	 800	 0	 1	 0	  0.9054	 2
6000	 -6000	 1050	 800	 1	 0	 0	  0.7068	 1
12000	 -6000	 1050	 800	 0	 1	 1	  3.9266	 1
-12000	 12000	 1050	 300	 0	 0	 1	  1.0170	 2
6000	 -6000	 1050	 1550	 0	 1	 1	  0.7616	 1
-12000	 12000	 1050	 1550	 1	 0	 1	  6.8135	 2
-12000	 6000	 1050	 1300	 0	 1	 1	  0.5290	 1
-12000	 12000	 1050	 1050	 0	 0	 0	  1.1630	 2
-6000	 6000	 1050	 1550	 1	 0	 0	  4.0752	 1
-12000	 12000	 1050	 1300	 0	 0	 0	  0.5037	 1
-12000	 6000	 1050	 1800	 0	 0	 0	  0.5502	 2
12000	 -12000	 1050	 300	 0	 0	 1	  1.4802	 2
-12000	 6000	 1050	 1050	 1	 0	 0	  1.8501	 1
6000	 -6000	 1050	 1300	 1	 0	 0	  5.6396	 2
6000	 -6000	 1050	 1800	 0	 1	 1	  0.7782	 1
-12000	 6000	 1050	 1300	 1	 0	 1	  5.5155	 1
-6000	 6000	 1050	 1050	 0	 1	 1	  2.1528	 1
-6000	 6000	 1050	 300	 1	 0	 1	  0.6238	 2
12000	 -12000	 1050	 1300	 0	 0	 1	  2.2162	 2
-12000	 6000	 1050	 300	 1	 0	 1	  0.7770	 2
12000	 -6000	 1050	 1300	 1	 0	 0	  5.1555	 1
12000	 -6000	 1050	 1550	 0	 0	 1	  3.8016	 1
-6000	 6000	 1050	 1800	 0	 0	 0	  1.7867	 1
12000	 -6000	 1050	 1550	 0	 1	 0	  3.0608	 2
12000	 -6000	 1050	 300	 0	 0	 1	  3.7809	 2
12000	 -6000	 1050	 800	 1	 0	 0	  0.7856	 1
-12000	 12000	 1050	 1800	 1	 0	 0	  4.8303	 1
-12000	 12000	 1050	 1800	 0	 0	 1	  0.3827	 1
6000	 -6000	 1050	 1050	 0	 1	 0	  4.4898	 1
12000	 -6000	 1050	 1800	 0	 1	 0	  2.0699	 1
-12000	 6000	 1050	 1300	 0	 1	 1	  3.2629	 1
-12000	 12000	 1050	 1050	 0	 1	 0	  0.3806	 2
6000	 -6000	 1050	 300	 0	 0	 0	  1.1792	 1
12000	 -12000	 1050	 1800	 1	 0	 0	  2.5032	 1
6000	 -6000	 1050	 300	 0	 1	 1	  1.3069	 2
-12000	 12000	 1050	 1550	 0	 1	 1	  1.8321	 1
-6000	 6000	 1050	 300	 0	 1	 0	  0.5014	 1
-6000	 6000	 1050	 1550	 1	 0	 1	  1.0116	 2
-6000	 6000	 1050	 800	 0	 0	 1	  0.4916	 1
-12000	 12000	 1050	 800	 0	 0	 0	  2.7799	 1
12000	 -6000	 1050	 550	 0	 0	 1	  0.3396	 2
-6000	 6000	 1050	 1300	 1	 0	 0	  0.8801	 1
-12000	 6000	 1050	 300	 0	 0	 0	  0.2901	 1
-6000	 6000	 1050	 1800	 1	 0	 0	  3.0658	 1
12000	 -6000	 1050	 1300	 1	 0	 0	  1.8621	 1
12000	 -6000	 1050	 550	 1	 0	 0	  0.3564	 1
6000	 -6000	 1050	 1050	 1	 0	 1	  4.6678	 1
-6000	 6000	 1050	 550	 1	 0	 0	  2.3889	 1
-12000	 6000	 1050	 1050	 0	 0	 1	  5.6788	 1
6000	 -6000	 1050	 1550	 1	 0	 0	  0.4075	 1
-12000	 6000	 1050	 1550	 0	 1	 1	  0.3338	 1
12000	 -12000	 1050	 800	 0	 0	 0	  0.3177	 1
6000	 -6000	 1050	 1300	 1	 0	 1	  1.9669	 2
12000	 -12000	 1050	 1050	 0	 1	 1	  2.9306	 2
12000	 -12000	 1050	 550	 0	 0	 1	  0.8317	 2
-12000	 12000	 1050	 800	 0	 1	 0	  0.8402	 2
-6000	 6000	 1050	 1050	 0	 0	 0	  1.7051	 2
6000	 -6000	 1050	 1800	 0	 0	 0	  1.5582	 1
12000	 -6000	 1050	 1800	 1	 0	 0	  1.7184	 1
-12000	 12000	 1050	 1550	 0	 1	 0	  0.6074	 2
-12000	 12000	 1050	 1800	 1	 0	 0	  2.3047	 1
6000	 -6000	 1050	 1800	 0	 0	 1	  0.7707	 1
6000	 -6000	 1050	 300	 1	 0	 0	  0.3459	 1
6000	 -6000	 1050	 1300	 0	 0	 1	  2.0392	 2
-12000	 6000	 1050	 1550	 1	 0	 0	  0.2686	 2
6000	 -6000	 1050	 1050	 1	 0	 0	  0.3602	 1
6000	 -6000	 1050	 1050	 1	 0	 0	  0.7809	 1
-12000	 12000	 1050	 1800	 0	 0	 0	  1.3452	 1
12000	 -6000	 1050	 1050	 1	 0	 0	  0.9642	 1
-6000	 6000	 1050	 1550	 0	 1	 1	  1.1213	 1
-6000	 6000	 1050	 800	 1	 0	 0	  1.8656	 1
-12000	 12000	 1050	 1800	 0	 1	 1	  0.3231	 1
12000	 -6000	 1050	 1550	 1	 0	 0	  0.4232	 1
12000	 -6000	 1050	 1550	 1	 0	 1	  1.0724	 1
-12000	 12000	 1050	 1300	 1	 0	 1	  1.8589	 1
-12000	 12000	 1050	 550	 1	 0	 0	  0.3629	 1
-12000	 12000	 1050	 1050	 0	 0	 0	  2.8546	 2
-12000	 6000	 1050	 550	 0	 1	 0	  1.1600	 1
12000	 -12000	 1050	 1050	 0	 0	 1	  3.2870	 2
-6000	 6000	 1050	 550	 1	 0	 0	  0.8369	 1
12000	 -12000	 1050	 1550	 0	 1	 1	  0.3685	 1
12000	 -12000	 1050	 550	 1	 0	 1	  1.0255	 2
6000	 -6000	 1050	 1300	 1	 0	 1	  0.5441	 2
12000	 -6000	 1050	 1800	 0	 0	 1	  0.9010	 1
-6000	 6000	 1050	 800	 0	 1	 1	  3.6664	 1
6000	 -6000	 1050	 1050	 0	 0	 1	  1.1341	 2
-12000	 6000	 1050	 800	 0	 0	 1	  1.4599	 1
6000	 -6000	 1050	 300	 1	 0	 1	  0.6366	 2
-6000	 6000	 1050	 800	 0	 0	 1	  0.3736	 2
-6000	 6000	 1050	 300	 0	 1	 0	  0.2227	 1
12000	 -12000	 1050	 1300	 1	 0	 0	  0.3135	 1
6000	 -6000	 1050	 550	 1	 0	 0	  0.4703	 1
12000	 -12000	 1050	 1050	 0	 0	 0	  0.3044	 1
-12000	 6000	 1050	 800	 0	 1	 1	  0.4434	 2
12000	 -12000	 1050	 1300	 0	 0	 0	  1.7688	 1
-12000	 6000	 1050	 800	 0	 1	 0	  0.4086	 2
6000	 -6000	 1050	 1550	 0	 1	 1	  0.3028	 1
12000	 -6000	 1050	 800	 0	 0	 0	  1.5353	 1
-12000	 12000	 1050	 1300	 0	 0	 1	  1.0621	 1
-12000	 6000	 1050	 1300	 0	 1	 0	  0.2371	 2
-12000	 6000	 1050	 1800	 1	 0	 1	  0.0467	 1
6000	 -6000	 1050	 1800	 1	 0	 0	  2.1643	 1
-6000	 6000	 1050	 800	 0	 0	 0	  0.9454	 1
-12000	 12000	 1050	 550	 0	 1	 1	  0.5126	 2
-12000	 12000	 1050	 1800	 1	 0	 1	  1.3904	 1
12000	 -12000	 1050	 300	 0	 0	 0	  1.8099	 1
12000	 -12000	 1050	 300	 0	 0	 0	  0.5298	 1
12000	 -12000	 1050	 1800	 0	 0	 1	  0.2407	 1
6000	 -6000	 1050	 1800	 0	 0	 0	  0.7525	 1
6000	 -6000	 1050	 550	 0	 0	 0	  0.3573	 1
12000	 -12000	 1050	 800	 0	 1	 1	  0.0996	 2
-6000	 6000	 1050	 1050	 0	 0	 1	  0.4365	 2
12000	 -12000	 1050	 300	 0	 1	 0	  1.1279	 1
12000	 -12000	 1050	 1800	 1	 0	 1	  0.1856	 2
-12000	 6000	 1050	 1800	 1	 0	 1	  0.4128	 1
-12000	 6000	 1050	 300	 0	 0	 1	  0.8276	 2
-12000	 6000	 1050	 1800	 1	 0	 0	  1.1743	 1
12000	 -6000	 1050	 1050	 0	 1	 1	  0.6571	 2
12000	 -12000	 1050	 1050	 1	 0	 1	  2.1395	 1
6000	 -6000	 1050	 1550	 0	 1	 0	  4.5620	 2
-12000	 6000	 1050	 550	 0	 1	 1	  0.2649	 2
-6000	 6000	 1050	 550	 0	 1	 1	  0.3126	 1
-6000	 6000	 1050	 1300	 0	 0	 0	  0.3558	 2
12000	 -12000	 1050	 1550	 1	 0	 0	  1.2694	 1
-12000	 12000	 1050	 300	 1	 0	 0	  0.2866	 1
12000	 -12000	 1050	 800	 1	 0	 0	  0.7124	 1
-12000	 6000	 1050	 1550	 1	 0	 0	  0.3999	 2
-12000	 6000	 1050	 1800	 0	 1	 1	  0.1053	 1
-12000	 6000	 1050	 1800	 0	 1	 0	  3.5447	 1
12000	 -12000	 1050	 1800	 0	 0	 0	  0.9768	 1
-12000	 6000	 1050	 300	 0	 0	 1	  0.4127	 2
12000	 -6000	 1050	 550	 0	 1	 1	  1.5100	 1
6000	 -6000	 1050	 800	 0	 1	 0	  2.2036	 2
-6000	 6000	 1050	 550	 0	 1	 1	  6.0345	 1
-6000	 6000	 1050	 1300	 0	 1	 1	  0.4053	 1
12000	 -12000	 1050	 1300	 0	 0	 0	  1.2153	 2
-12000	 6000	 1050	 1550	 0	 1	 0	  0.4715	 2
6000	 -6000	 1050	 1050	 1	 0	 1	  0.7341	 2
-12000	 6000	 1050	 800	 1	 0	 1	  0.6829	 2
-12000	 6000	 1050	 800	 0	 1	 0	  0.7634	 2
6000	 -6000	 1050	 300	 0	 0	 1	  0.5575	 2
12000	 -6000	 1050	 800	 0	 0	 1	  2.2555	 2
12000	 -12000	 1050	 1550	 1	 0	 1	  2.5024	 1
6000	 -6000	 1050	 1300	 0	 0	 0	  1.7747	 1
-12000	 12000	 1050	 550	 0	 1	 0	  0.3131	 1
12000	 -6000	 1050	 550	 1	 0	 1	  0.3275	 2
6000	 -6000	 1050	 1050	 0	 0	 0	  1.5209	 2
-12000	 6000	 1050	 1550	 0	 0	 0	  3.6925	 2
12000	 -12000	 1050	 550	 0	 0	 1	  0.2694	 2
-12000	 12000	 1050	 1300	 0	 1	 0	  3.2885	 2
-12000	 12000	 1050	 1050	 1	 0	 1	  1.2523	 2
12000	 -12000	 1050	 1800	 0	 0	 1	  0.3232	 1
12000	 -6000	 1050	 300	 0	 0	 0	  0.8476	 1
-12000	 12000	 1050	 1300	 0	 1	 0	  0.3062	 2
6000	 -6000	 1050	 1800	 1	 0	 1	  0.9686	 2
12000	 -12000	 1050	 1050	 0	 0	 0	  3.3222	 1
-6000	 6000	 1050	 1300	 0	 0	 0	  1.1377	 2
6000	 -6000	 1050	 550	 1	 0	 0	  0.3642	 1
12000	 -6000	 1050	 300	 0	 0	 1	  0.3418	 2
-12000	 6000	 1050	 1300	 1	 0	 0	  1.4514	 1
12000	 -6000	 1050	 300	 0	 1	 0	  0.8006	 1
-12000	 6000	 1050	 1050	 0	 0	 0	  0.8596	 1
12000	 -6000	 1050	 1550	 1	 0	 1	  2.3107	 1
-6000	 6000	 1050	 550	 0	 1	 0	  0.5793	 1
12000	 -12000	 1050	 1550	 0	 1	 1	  0.2935	 1
12000	 -12000	 1050	 300	 0	 0	 1	  1.6606	 2
-12000	 6000	 1050	 1550	 0	 0	 1	  0.2507	 1
12000	 -12000	 1050	 550	 1	 0	 0	  0.3540	 1
6000	 -6000	 1050	 1550	 0	 0	 1	  0.8789	 2
6000	 -6000	 1050	 300	 0	 1	 1	  0.3385	 2
-12000	 12000	 1050	 1050	 0	 0	 1	  0.3630	 1
-12000	 12000	 1050	 1300	 1	 0	 0	  0.7097	 1
6000	 -6000	 1050	 1300	 0	 0	 0	  2.1944	 2
12000	 -12000	 1050	 300	 1	 0	 1	  1.7956	 1
6000	 -6000	 1050	 550	 1	 0	 1	  2.6362	 1
-12000	 12000	 1050	 800	 1	 0	 0	  0.2793	 1
12000	 -12000	 1050	 1050	 1	 0	 0	  0.1048	 1
12000	 -12000	 1050	 550	 0	 1	 1	  0.5087	 2
-12000	 12000	 1050	 800	 0	 0	 0	  0.4589	 1
12000	 -6000	 1050	 1800	 0	 0	 0	  1.5055	 2
12000	 -6000	 1050	 550	 0	 0	 0	  0.8159	 1
-12000	 6000	 1050	 550	 1	 0	 0	  1.7624	 1
-6000	 6000	 1050	 1300	 0	 1	 1	  1.7279	 1
12000	 -12000	 1050	 1550	 0	 0	 0	  2.5502	 2
-12000	 6000	 1050	 550	 1	 0	 1	  1.0048	 1
-6000	 6000	 1050	 300	 1	 0	 1	  0.3210	 2
-6000	 6000	 1050	 1800	 1	 0	 0	  2.0040	 2
-12000	 12000	 1050	 1050	 0	 0	 1	  0.1533	 1
-12000	 12000	 1050	 800	 1	 0	 0	  2.4559	 1
-6000	 6000	 1050	 300	 0	 0	 1	  4.4101	 2
-6000	 6000	 1050	 1300	 0	 1	 0	  0.2735	 2
-6000	 6000	 1050	 550	 1	 0	 1	  0.9311	 2
-6000	 6000	 1050	 300	 0	 1	 1	  1.9276	 1
12000	 -12000	 1050	 800	 1	 0	 1	  0.4004	 2
12000	 -12000	 1050	 1050	 0	 1	 0	  0.4000	 2
-12000	 12000	 1050	 550	 0	 1	 0	  0.7647	 1
-12000	 6000	 1050	 1050	 0	 0	 0	  0.9092	 2
-12000	 6000	 1050	 1050	 0	 1	 1	  0.2605	 1
-12000	 12000	 1050	 1550	 1	 0	 0	  3.1003	 2
-12000	 12000	 1050	 800	 0	 1	 1	  0.2878	 1
-12000	 12000	 1050	 800	 1	 0	 1	  0.3050	 2
6000	 -6000	 1050	 550	 0	 0	 1	  1.5188	 2
12000	 -12000	 1050	 1800	 0	 1	 1	  0.5613	 1
-6000	 6000	 1050	 550	 0	 0	 1	  2.3878	 1
12000	 -6000	 1050	 550	 0	 1	 0	  0.0696	 1
-6000	 6000	 1050	 1050	 1	 0	 1	  0.5655	 1
12000	 -6000	 1050	 1050	 0	 0	 1	  0.9144	 1
6000	 -6000	 1050	 1800	 1	 0	 1	  0.3339	 1
-12000	 6000	 1050	 1550	 1	 0	 1	  0.1497	 1
-6000	 6000	 1050	 1050	 0	 1	 1	  1.1626	 1
-12000	 12000	 1050	 800	 0	 1	 0	  0.4620	 2
-12000	 6000	 1050	 300	 0	 1	 1	  0.3792	 1
-6000	 6000	 1050	 550	 0	 0	 1	  0.2820	 2
-12000	 6000	 1050	 800	 0	 1	 1	  0.3828	 1
-12000	 6000	 1050	 1550	 0	 0	 0	  2.1039	 2
-12000	 12000	 1050	 1050	 0	 1	 1	  0.8676	 1
-6000	 6000	 1050	 550	 0	 0	 0	  0.4867	 1
-12000	 6000	 1050	 1800	 0	 0	 1	  1.5825	 1
-12000	 6000	 1050	 1800	 0	 0	 0	  0.3344	 2
12000	 -6000	 1050	 1300	 0	 0	 1	  0.9808	 1
12000	 -12000	 1050	 1550	 1	 0	 1	  2.6215	 2
-12000	 6000	 1050	 800	 1	 0	 0	  0.7938	 1
-6000	 6000	 1050	 800	 0	 1	 0	  0.2389	 1
12000	 -12000	 1050	 550	 0	 0	 0	  0.8357	 1
6000	 -6000	 1050	 1050	 0	 0	 1	  0.3170	 2
-12000	 6000	 1050	 300	 0	 1	 1	  2.0600	 2
-12000	 6000	 1050	 300	 1	 0	 1	  0.5482	 2
12000	 -12000	 1050	 1800	 0	 1	 1	  0.7528	 1
-12000	 6000	 1050	 550	 0	 1	 0	  5.6454	 2
12000	 -6000	 1050	 300	 1	 0	 0	  0.4299	 1
-12000	 6000	 1050	 800	 0	 0	 0	  0.5201	 1
12000	 -12000	 1050	 800	 1	 0	 1	  0.3357	 2
-6000	 6000	 1050	 1300	 0	 0	 1	  1.2018	 1
6000	 -6000	 1050	 1800	 0	 1	 0	  1.3666	 2
12000	 -6000	 1050	 550	 1	 0	 0	  0.5081	 1
12000	 -6000	 1050	 300	 0	 1	 1	  2.7275	 2
-12000	 6000	 1050	 800	 1	 0	 0	  1.3416	 1
12000	 -6000	 1050	 550	 0	 0	 1	  0.0318	 2
-12000	 6000	 1050	 1050	 0	 1	 1	  0.3612	 1
12000	 -12000	 1050	 300	 1	 0	 1	  0.4779	 2
-12000	 6000	 1050	 1050	 0	 1	 0	  0.2778	 2
6000	 -6000	 1050	 1550	 1	 0	 1	  5.9594	 1
12000	 -6000	 1050	 300	 0	 1	 0	  1.6098	 1
-6000	 6000	 1050	 1050	 0	 0	 1	  5.5766	 2
-12000	 6000	 1050	 300	 1	 0	 0	  0.5318	 1
-6000	 6000	 1050	 1800	 0	 0	 0	  0.2705	 2
-12000	 6000	 1050	 1550	 0	 1	 1	  0.2320	 1
12000	 -12000	 1050	 1800	 0	 0	 0	  0.8250	 1
-12000	 12000	 1050	 1050	 0	 1	 1	  1.2110	 1
-12000	 12000	 1050	 800	 1	 0	 1	  0.4840	 1
12000	 -12000	 1050	 300	 1	 0	 0	  1.3681	 1
6000	 -6000	 1050	 300	 1	 0	 1	  0.5592	 2
12000	 -6000	 1050	 1050	 1	 0	 0	  0.5910	 1
-6000	 6000	 1050	 1050	 1	 0	 0	  3.7337	 2
12000	 -6000	 1050	 1300	 0	 0	 0	  0.6885	 1
-6000	 6000	 1050	 1300	 1	 0	 0	  3.8941	 2
-12000	 6000	 1050	 1300	 1	 0	 1	  0.2872	 1
6000	 -6000	 1050	 300	 0	 0	 1	  3.3494	 2
12000	 -12000	 1050	 1800	 0	 1	 0	  0.2722	 2
12000	 -6000	 1050	 800	 0	 1	 1	  0.9471	 1
-6000	 6000	 1050	 300	 0	 0	 0	  0.3387	 1
12000	 -6000	 1050	 300	 1	 0	 1	  0.5807	 2
-12000	 12000	 1050	 1800	 0	 1	 1	  0.7179	 1
12000	 -6000	 1050	 550	 0	 1	 1	  0.7448	 2
12000	 -12000	 1050	 1300	 1	 0	 1	  0.3697	 2
6000	 -6000	 1050	 800	 1	 0	 1	  1.2475	 2
-12000	 12000	 1050	 1050	 1	 0	 0	  0.8035	 2
6000	 -6000	 1050	 800	 0	 1	 0	  0.3259	 1
-6000	 6000	 1050	 1300	 0	 1	 0	  0.5031	 2
12000	 -12000	 1050	 300	 1	 0	 0	  2.6625	 1
-6000	 6000	 1050	 1800	 0	 1	 0	  0.4253	 2
-6000	 6000	 1050	 1550	 0	 0	 0	  1.4371	 1
12000	 -6000	 1050	 800	 0	 0	 0	  3.0970	 2
-6000	 6000	 1050	 1550	 0	 1	 1	  0.3871	 1
-12000	 12000	 1050	 1050	 1	 0	 1	  0.3221	 1
-12000	 6000	 1050	 300	 0	 1	 0	  0.3077	 1
-6000	 6000	 1050	 550	 1	 0	 1	  1.7453	 2
-12000	 6000	 1050	 800	 1	 0	 1	  0.3466	 2
-6000	 6000	 1050	 800	 1	 0	 1	  2.6850	 1
6000	 -6000	 1050	 800	 0	 0	 1	  0.4232	 2
-12000	 12000	 1050	 800	 0	 0	 1	  1.8029	 1
-6000	 6000	 1050	 1550	 1	 0	 1	  2.1227	 2
12000	 -12000	 1050	 1550	 0	 0	 1	  0.5355	 1
-12000	 12000	 1050	 1800	 1	 0	 1	  0.5344	 2
-12000	 6000	 1050	 550	 0	 0	 1	  0.6156	 1
-12000	 12000	 1050	 1300	 0	 1	 1	  0.4992	 1
-12000	 6000	 1050	 300	 1	 0	 0	  1.2663	 1
-12000	 12000	 1050	 300	 0	 1	 0	  0.4749	 1
-12000	 12000	 1050	 1050	 0	 1	 0	  0.0349	 2
12000	 -6000	 1050	 1300	 0	 0	 1	  1.1965	 2
12000	 -12000	 1050	 800	 1	 0	 0	  0.3997	 1
-6000	 6000	 1050	 800	 0	 0	 0	  1.2013	 2
-6000	 6000	 1050	 1300	 1	 0	 1	  1.1379	 2
12000	 -12000	 1050	 1800	 0	 1	 0	  0.7864	 2
6000	 -6000	 1050	 800	 1	 0	 0	  0.5570	 1
-12000	 6000	 1050	 300	 0	 0	 0	  1.7315	 1
12000	 -12000	 1050	 1050	 0	 1	 1	  2.7987	 1
6000	 -6000	 1050	 1050	 0	 1	 0	  0.3023	 1
-12000	 6000	 1050	 1800	 0	 1	 1	  0.1176	 1
-12000	 12000	 1050	 1550	 1	 0	 1	  0.1110	 1
6000	 -6000	 1050	 1050	 0	 0	 0	  0.4629	 2
-12000	 12000	 1050	 550	 0	 0	 0	  2.6142	 1
-6000	 6000	 1050	 1800	 0	 1	 1	  2.8301	 1
-6000	 6000	 1050	 300	 0	 1	 1	  0.4921	 2
-12000	 12000	 1050	 1800	 0	 1	 0	  0.3376	 2
6000	 -6000	 1050	 1050	 0	 1	 1	  1.9084	 2
12000	 -12000	 1050	 1300	 1	 0	 0	  0.4563	 1
-6000	 6000	 1050	 1800	 1	 0	 1	  0.9806	 1
6000	 -6000	 1050	 1550	 0	 1	 0	  0.3350	 2
-12000	 6000	 1050	 1800	 0	 1	 0	  0.4537	 2
-12000	 6000	 1050	 800	 0	 0	 1	  1.0181	 1
6000	 -6000	 1050	 300	 0	 1	 0	  1.2908	 1
-12000	 12000	 1050	 300	 1	 0	 1	  0.2764	 2
-12000	 6000	 1050	 1300	 0	 1	 0	  0.3374	 2
-12000	 6000	 1050	 550	 0	 0	 1	  2.5269	 1
-6000	 6000	 1050	 1300	 1	 0	 1	  0.2812	 1
-6000	 6000	 1050	 1800	 0	 0	 1	  0.2872	 1
-12000	 12000	 1050	 300	 0	 1	 0	  0.6164	 1
-12000	 12000	 1050	 1300	 0	 0	 1	  0.2929	 1
-12000	 6000	 1050	 800	 0	 0	 0	  0.5210	 1
6000	 -6000	 1050	 800	 0	 0	 0	  3.2373	 2
12000	 -6000	 1050	 1800	 0	 1	 0	  0.5881	 2
-12000	 6000	 1050	 550	 0	 1	 1	  0.9315	 2
-6000	 6000	 1050	 1050	 1	 0	 0	  0.3261	 2
12000	 -6000	 1050	 800	 1	 0	 1	  0.4805	 2
6000	 -6000	 1050	 550	 0	 0	 1	  0.1439	 1
12000	 -6000	 1050	 1050	 0	 0	 0	  0.9512	 1
12000	 -6000	 1050	 300	 0	 1	 1	  0.2750	 2
12000	 -6000	 1050	 1550	 1	 0	 0	  0.9713	 1
12000	 -6000	 1050	 300	 1	 0	 0	  0.6887	 1
-12000	 12000	 1050	 1800	 0	 0	 1	  0.3036	 1
-12000	 12000	 1050	 300	 1	 0	 1	  0.4190	 2
-6000	 6000	 1050	 300	 0	 0	 1	  0.3911	 2
12000	 -12000	 1050	 1300	 0	 1	 0	  0.0834	 2
-12000	 6000	 1050	 1300	 0	 0	 1	  0.6457	 1
6000	 -6000	 1050	 1550	 0	 0	 0	  0.3886	 1
-12000	 6000	 1050	 1050	 1	 0	 0	  3.2441	 1
12000	 -6000	 1050	 1800	 0	 0	 0	  0.3207	 1
12000	 -12000	 1050	 1300	 0	 1	 1	  0.4558	 1
12000	 -12000	 1050	 1550	 0	 1	 0	  0.4250	 2
12000	 -12000	 1050	 550	 0	 1	 0	  0.3399	 1
12000	 -6000	 1050	 1800	 0	 0	 1	  0.2703	 1
12000	 -6000	 1050	 1050	 0	 1	 0	  1.2070	 2
12000	 -6000	 1050	 1550	 0	 0	 0	  1.2912	 1
6000	 -6000	 1050	 550	 0	 1	 1	  0.1317	 2
6000	 -6000	 1050	 1300	 1	 0	 0	  1.7548	 1
-12000	 6000	 1050	 1300	 0	 0	 0	  0.8393	 1
12000	 -6000	 1050	 800	 1	 0	 0	  0.2847	 1
12000	 -6000	 1050	 1800	 1	 0	 1	  0.3714	 2
6000	 -6000	 1050	 800	 0	 1	 1	  1.7853	 2
12000	 -12000	 1050	 1550	 1	 0	 0	  0.3752	 1
-12000	 12000	 1050	 1300	 1	 0	 1	  0.3668	 1
12000	 -6000	 1050	 300	 1	 0	 1	  1.0305	 2
12000	 -6000	 1050	 1300	 0	 0	 0	  1.5394	 2
-6000	 6000	 1050	 1050	 0	 0	 0	  0.9314	 1
-12000	 12000	 1050	 300	 0	 0	 0	  0.3368	 1
6000	 -6000	 1050	 1800	 0	 0	 1	  0.3651	 1
-12000	 6000	 1050	 1050	 1	 0	 1	  0.4187	 2
12000	 -6000	 1050	 1800	 1	 0	 0	  0.5421	 1
-12000	 12000	 1050	 550	 1	 0	 1	  0.6342	 2
-12000	 12000	 1050	 1550	 1	 0	 0	  2.5310	 1
-12000	 6000	 1050	 1800	 0	 0	 1	  0.4193	 1
6000	 -6000	 1050	 550	 0	 1	 0	  0.3728	 1
12000	 -6000	 1050	 1300	 1	 0	 1	  0.3774	 2
-6000	 6000	 1050	 550	 0	 0	 0	  0.1894	 1
12000	 -6000	 1050	 550	 0	 1	 0	  0.2564	 1
-12000	 6000	 1050	 1550	 1	 0	 1	  0.4999	 2
12000	 -12000	 1050	 800	 0	 1	 0	  0.3477	 1
12000	 -6000	 1050	 1300	 1	 0	 1	  0.3957	 2
6000	 -6000	 1050	 300	 1	 0	 0	  0.2660	 1
12000	 -6000	 1050	 800	 0	 0	 1	  0.4300	 2
6000	 -6000	 1050	 1800	 1	 0	 0	  0.4329	 1
12000	 -12000	 1050	 300	 0	 1	 1	  0.3102	 2
12000	 -12000	 1050	 1050	 1	 0	 0	  0.2797	 1
12000	 -6000	 1050	 1550	 0	 1	 1	  1.0885	 1
-12000	 6000	 1050	 550	 1	 0	 1	  2.3798	 2
6000	 -6000	 1050	 1550	 0	 0	 1	  3.8435	 1
-6000	 6000	 1050	 1050	 1	 0	 1	  0.0265	 1
6000	 -6000	 1050	 550	 0	 1	 0	  0.2629	 1
-6000	 6000	 1050	 1800	 0	 0	 1	  0.5691	 1
6000	 -6000	 1050	 1050	 0	 1	 1	  0.7028	 2
6000	 -6000	 1050	 550	 0	 0	 0	  0.2086	 1
6000	 -6000	 1050	 1800	 0	 1	 0	  0.5517	 2
-12000	 6000	 1050	 300	 0	 1	 0	  1.1226	 1
12000	 -6000	 1050	 1050	 0	 1	 1	  0.3188	 2
12000	 -6000	 1050	 1050	 0	 0	 1	  0.8557	 2
6000	 -6000	 1050	 1800	 0	 1	 1	  3.6209	 1
12000	 -6000	 1050	 800	 0	 1	 0	  0.1513	 2
12000	 -6000	 1050	 1050	 0	 1	 0	  0.5236	 1
-12000	 12000	 1050	 300	 0	 1	 1	  1.4327	 2
12000	 -6000	 1050	 800	 1	 0	 1	  1.2001	 2
-12000	 6000	 1050	 550	 0	 0	 0	  0.4433	 1
6000	 -6000	 1050	 300	 0	 0	 0	  0.4421	 1
12000	 -6000	 1050	 300	 0	 0	 0	  0.2526	 1
-12000	 12000	 1050	 550	 1	 0	 0	  0.1694	 1
12000	 -12000	 1050	 800	 0	 0	 1	  0.4250	 2
12000	 -12000	 1050	 1300	 0	 1	 0	  0.0904	 1
-12000	 12000	 1050	 300	 0	 1	 1	  0.2885	 2
12000	 -6000	 1050	 1550	 0	 1	 1	  1.6344	 2
-12000	 12000	 1050	 1550	 0	 1	 0	  0.7378	 2
6000	 -6000	 1050	 1550	 0	 0	 0	  1.6533	 1
12000	 -6000	 1050	 1300	 0	 1	 0	  0.2342	 2
12000	 -6000	 1050	 550	 1	 0	 1	  0.2945	 1
-6000	 6000	 1050	 800	 0	 1	 1	  2.8575	 1
-6000	 6000	 1050	 1050	 0	 1	 0	  2.4768	 2
12000	 -6000	 1050	 1800	 0	 1	 1	  0.3939	 2
6000	 -6000	 1050	 800	 0	 1	 1	 11.1524	 1
12000	 -12000	 1050	 800	 0	 1	 1	  0.2952	 2
-12000	 12000	 1050	 550	 1	 0	 1	  0.4916	 2
-6000	 6000	 1050	 1550	 0	 0	 0	  0.6839	 1
12000	 -12000	 1050	 1050	 1	 0	 1	  0.2972	 2
12000	 -6000	 1050	 1300	 0	 1	 1	  0.3028	 1
12000	 -12000	 1050	 550	 1	 0	 0	  0.0671	 1
12000	 -6000	 1050	 550	 0	 0	 0	  1.3308	 1
-12000	 6000	 1050	 1050	 0	 1	 0	  0.3830	 2
6000	 -6000	 1050	 1300	 0	 1	 1	  0.5779	 1
-12000	 12000	 1050	 800	 0	 1	 1	  0.7279	 1
12000	 -6000	 1050	 1550	 0	 0	 1	  0.2901	 1
-12000	 12000	 1050	 550	 0	 0	 0	  0.0404	 1
6000	 -6000	 1050	 550	 1	 0	 1	  0.6297	 2
12000	 -6000	 1050	 1300	 0	 1	 0	  0.5938	 2
-6000	 6000	 1050	 1550	 0	 0	 1	  0.7472	 1
12000	 -6000	 1050	 800	 0	 1	 0	  0.2343	 2
-12000	 6000	 1050	 1300	 0	 0	 1	  0.3819	 1
-6000	 6000	 1050	 1300	 0	 0	 1	  0.6198	 1
6000	 -6000	 1050	 1300	 0	 1	 0	  0.9330	 1
6000	 -6000	 1050	 1300	 0	 1	 0	  0.3509	 1
12000	 -12000	 1050	 300	 0	 1	 0	  1.2766	 1
-6000	 6000	 1050	 1800	 0	 1	 1	  1.4305	 1
12000	 -12000	 1050	 1800	 1	 0	 0	  0.3549	 2
-12000	 6000	 1050	 1050	 0	 0	 1	  0.9520	 1
12000	 -6000	 1050	 1300	 0	 1	 1	  0.2478	 1
-12000	 6000	 1050	 1800	 1	 0	 0	  2.7347	 2
-12000	 12000	 1050	 1550	 0	 0	 1	  2.2040	 2
12000	 -12000	 1050	 1550	 0	 0	 0	  0.3098	 1
-12000	 12000	 1050	 800	 0	 0	 1	  0.9805	 2
6000	 -6000	 1050	 800	 1	 0	 1	  0.3175	 2
-12000	 6000	 1050	 1550	 0	 0	 1	  2.3657	 1
12000	 -6000	 1050	 1050	 1	 0	 1	  1.6873	 2
12000	 -6000	 1050	 1050	 1	 0	 1	  0.8012	 1
-6000	 6000	 1050	 800	 1	 0	 0	  1.5755	 1
12000	 -12000	 1050	 800	 0	 0	 0	  0.2710	 1
-6000	 6000	 1050	 1550	 0	 0	 1	  0.3105	 1
-6000	 6000	 1050	 1050	 0	 1	 0	  0.4728	 2
6000	 -6000	 1050	 550	 0	 1	 1	  0.3177	 2
-12000	 12000	 1050	 550	 0	 1	 1	  0.4681	 1
-12000	 12000	 1050	 1550	 0	 1	 1	  0.4899	 1
12000	 -12000	 1050	 1300	 0	 1	 1	  1.6742	 2
-12000	 12000	 1050	 1300	 1	 0	 0	  0.4407	 2
12000	 -12000	 1050	 550	 0	 1	 0	  0.2859	 1
-6000	 6000	 1050	 300	 0	 0	 0	  0.2950	 1
-12000	 12000	 1050	 1300	 0	 1	 1	  0.3253	 1
-12000	 6000	 1050	 1550	 0	 1	 0	  0.4397	 2
12000	 -12000	 1050	 800	 0	 1	 0	  0.3360	 1
6000	 -6000	 1050	 1300	 0	 1	 1	  0.4011	 1
-12000	 6000	 1050	 1300	 0	 0	 0	  0.2094	 2
12000	 -12000	 1050	 550	 1	 0	 1	  0.3768	 2
-12000	 12000	 1050	 300	 0	 0	 1	  0.0835	 2
-12000	 12000	 1050	 300	 1	 0	 0	  0.3037	 1
-12000	 12000	 1050	 1550	 0	 0	 1	  0.3193	 1
-12000	 12000	 1050	 1800	 0	 0	 0	  0.3466	 2
6000	 -6000	 1050	 1300	 0	 0	 1	  0.0670	 1
-12000	 12000	 1050	 1550	 0	 0	 0	  0.3494	 2
-6000	 6000	 1050	 1550	 1	 0	 0	  0.7396	 1
6000	 -6000	 1050	 300	 0	 1	 0	  0.3252	 1
12000	 -6000	 1050	 1800	 1	 0	 1	  0.4374	 2
12000	 -12000	 1050	 1300	 0	 0	 1	  0.3166	 1
-6000	 6000	 1050	 300	 1	 0	 0	  0.2916	 1
-6000	 6000	 1050	 1800	 1	 0	 1	  0.4885	 1
-6000	 6000	 1050	 550	 0	 1	 0	  0.7259	 1
12000	 -12000	 1050	 1050	 0	 0	 1	  0.3989	 2
-6000	 6000	 1050	 1550	 0	 1	 0	  0.3367	 2
-12000	 12000	 1050	 1800	 0	 1	 0	  0.3221	 2
-12000	 6000	 1050	 550	 1	 0	 0	  0.5603	 1
6000	 -6000	 1050	 800	 0	 0	 1	  1.7649	 1
-12000	 12000	 1050	 1300	 0	 0	 0	  1.9037	 2
