12000	 -12000	 1050	 1300	 1	 0	 1	  1.6353	 2
6000	 -12000	 1050	 1800	 0	 0	 1	  0.0733	 1
-12000	 6000	 1050	 1300	 0	 0	 1	  0.3697	 2
6000	 -6000	 1050	 1550	 0	 1	 0	  0.4465	 1
12000	 -6000	 1050	 300	 1	 0	 1	  0.8998	 2
12000	 -6000	 1050	 1550	 0	 0	 1	  0.2493	 2
-6000	 6000	 1050	 800	 0	 1	 1	  0.0097	 1
-6000	 12000	 1050	 800	 1	 0	 1	  0.4052	 1
-6000	 6000	 1050	 1050	 1	 0	 1	  0.1348	 1
-12000	 6000	 1050	 300	 0	 0	 1	  0.1640	 2
-6000	 6000	 1050	 800	 1	 0	 1	  1.3675	 2
6000	 -6000	 1050	 1050	 1	 0	 0	  0.1296	 1
6000	 -6000	 1050	 300	 0	 1	 0	  1.7084	 2
6000	 -12000	 1050	 300	 1	 0	 1	  0.6335	 2
-12000	 12000	 1050	 1050	 1	 0	 0	  0.0191	 1
-12000	 12000	 1050	 1300	 0	 0	 0	  0.6296	 1
12000	 -6000	 1050	 1300	 0	 1	 1	  3.8160	 1
-6000	 12000	 1050	 1800	 1	 0	 0	  0.9438	 2
12000	 -6000	 1050	 1300	 0	 1	 0	  0.7818	 1
-6000	 6000	 1050	 550	 1	 0	 0	  0.7845	 1
-12000	 6000	 1050	 800	 1	 0	 0	  0.7753	 1
-6000	 12000	 1050	 1550	 0	 0	 0	  0.8392	 2
-12000	 12000	 1050	 300	 1	 0	 1	  0.5198	 2
-12000	 6000	 1050	 1800	 1	 0	 0	  0.0802	 1
12000	 -12000	 1050	 1550	 1	 0	 1	  0.5274	 1
6000	 -12000	 1050	 1550	 0	 0	 1	  0.4419	 1
6000	 -12000	 1050	 800	 0	 0	 1	  1.3638	 1
6000	 -6000	 1050	 1300	 1	 0	 1	  0.1924	 1
-12000	 12000	 1050	 550	 0	 1	 0	  0.1475	 1
-6000	 6000	 1050	 550	 0	 1	 1	  1.7047	 1
12000	 -12000	 1050	 1050	 1	 0	 0	  0.6479	 2
12000	 -12000	 1050	 1050	 0	 0	 0	  0.7127	 1
6000	 -6000	 1050	 1550	 0	 1	 1	  0.1744	 1
12000	 -12000	 1050	 1800	 1	 0	 1	  0.1251	 2
-6000	 12000	 1050	 1050	 0	 1	 1	  0.8931	 1
-12000	 6000	 1050	 1050	 0	 1	 1	  0.0515	 2
-6000	 12000	 1050	 1550	 1	 0	 0	  1.0505	 2
12000	 -12000	 1050	 300	 1	 0	 0	  0.5521	 1
-12000	 12000	 1050	 1300	 1	 0	 0	  0.4391	 2
6000	 -6000	 1050	 1050	 0	 1	 1	  0.5334	 2
6000	 -12000	 1050	 1050	 1	 0	 1	  0.9792	 1
-12000	 12000	 1050	 300	 0	 1	 1	  0.7885	 2
12000	 -6000	 1050	 1800	 0	 0	 1	  0.2516	 2
-6000	 12000	 1050	 1800	 1	 0	 1	  0.7655	 1
6000	 -6000	 1050	 550	 1	 0	 0	  1.1463	 1
6000	 -12000	 1050	 800	 0	 1	 0	  0.1362	 2
12000	 -6000	 1050	 550	 1	 0	 1	  0.6639	 2
12000	 -12000	 1050	 1800	 1	 0	 1	  0.5952	 2
12000	 -6000	 1050	 1550	 0	 1	 1	  0.8326	 2
12000	 -6000	 1050	 1550	 0	 0	 0	  1.2137	 2
6000	 -12000	 1050	 300	 0	 0	 0	  0.1739	 1
-12000	 12000	 1050	 1300	 1	 0	 0	  0.3048	 2
6000	 -12000	 1050	 1550	 0	 1	 0	  0.4724	 2
12000	 -6000	 1050	 1050	 0	 1	 0	  0.4870	 1
-6000	 6000	 1050	 1300	 0	 0	 0	  0.8170	 2
-6000	 6000	 1050	 1300	 1	 0	 1	  0.5690	 2
-6000	 6000	 1050	 800	 0	 1	 0	  0.9962	 1
-12000	 6000	 1050	 1550	 0	 1	 0	  0.6753	 2
6000	 -12000	 1050	 300	 0	 1	 0	  0.4078	 1
6000	 -12000	 1050	 1800	 1	 0	 0	  0.5952	 2
6000	 -12000	 1050	 1050	 0	 0	 0	  1.9122	 1
6000	 -12000	 1050	 1300	 1	 0	 0	  0.7238	 2
-12000	 12000	 1050	 800	 0	 0	 0	  0.0825	 2
-12000	 6000	 1050	 300	 1	 0	 0	  0.5253	 2
6000	 -6000	 1050	 1550	 0	 0	 1	  0.5146	 2
6000	 -12000	 1050	 300	 0	 1	 1	  0.6044	 1
-12000	 6000	 1050	 1050	 0	 0	 1	  0.5626	 2
12000	 -12000	 1050	 1800	 0	 0	 1	  0.5725	 2
12000	 -6000	 1050	 800	 0	 1	 1	  1.3236	 1
12000	 -12000	 1050	 1800	 0	 1	 0	  0.8050	 2
-12000	 6000	 1050	 550	 1	 0	 1	  0.4941	 1
-12000	 12000	 1050	 1050	 0	 1	 1	  0.7743	 2
6000	 -6000	 1050	 550	 0	 0	 1	  0.2873	 1
-6000	 12000	 1050	 1300	 0	 1	 1	  1.5002	 1
6000	 -6000	 1050	 550	 1	 0	 1	  0.5526	 1
12000	 -12000	 1050	 800	 1	 0	 1	  0.6403	 2
-12000	 6000	 1050	 1800	 0	 1	 1	  1.7972	 1
12000	 -6000	 1050	 1300	 0	 0	 1	  0.6859	 1
6000	 -12000	 1050	 1300	 1	 0	 1	  0.5111	 1
12000	 -6000	 1050	 1300	 0	 0	 1	  1.0203	 1
-12000	 6000	 1050	 1300	 1	 0	 1	  0.3500	 1
-6000	 12000	 1050	 1300	 1	 0	 1	  0.6610	 1
-6000	 12000	 1050	 300	 0	 0	 1	  1.6733	 2
-6000	 6000	 1050	 1300	 1	 0	 0	  0.7122	 1
-12000	 12000	 1050	 1550	 0	 1	 1	  0.7810	 1
6000	 -6000	 1050	 800	 1	 0	 0	  0.4083	 1
6000	 -12000	 1050	 1550	 1	 0	 1	  0.3696	 1
-12000	 6000	 1050	 1050	 0	 1	 0	  0.9236	 1
12000	 -6000	 1050	 1050	 0	 0	 0	  0.4181	 1
-12000	 12000	 1050	 300	 0	 0	 1	  0.2646	 2
-12000	 12000	 1050	 550	 0	 0	 0	  0.2162	 1
-12000	 12000	 1050	 800	 0	 0	 1	  0.3921	 2
6000	 -12000	 1050	 1050	 1	 0	 1	  0.3113	 1
12000	 -6000	 1050	 300	 0	 0	 1	  0.5004	 2
6000	 -12000	 1050	 800	 0	 1	 0	  0.3622	 2
-12000	 12000	 1050	 550	 0	 0	 1	  0.7425	 2
12000	 -12000	 1050	 1050	 1	 0	 0	  0.2816	 2
-12000	 12000	 1050	 1300	 0	 1	 1	  0.2537	 2
6000	 -6000	 1050	 1550	 0	 1	 0	  0.4362	 1
12000	 -6000	 1050	 800	 1	 0	 0	  1.6024	 1
-6000	 12000	 1050	 1050	 1	 0	 0	  1.4226	 1
6000	 -12000	 1050	 550	 0	 1	 1	  0.3752	 1
6000	 -12000	 1050	 1050	 1	 0	 0	  0.3264	 2
-6000	 12000	 1050	 800	 1	 0	 1	  0.6674	 1
12000	 -12000	 1050	 300	 0	 1	 1	  0.5994	 2
-12000	 12000	 1050	 1550	 1	 0	 0	  1.0487	 2
-12000	 12000	 1050	 1300	 1	 0	 1	  0.5779	 1
12000	 -12000	 1050	 1300	 0	 0	 0	  0.8896	 2
12000	 -12000	 1050	 550	 1	 0	 1	  0.3333	 1
-6000	 12000	 1050	 1550	 0	 0	 1	  0.3275	 1
-6000	 6000	 1050	 300	 0	 1	 1	  0.2916	 2
6000	 -6000	 1050	 300	 1	 0	 0	  3.2217	 2
12000	 -6000	 1050	 1550	 1	 0	 0	  0.7161	 2
-12000	 6000	 1050	 550	 0	 1	 0	  1.1299	 2
-12000	 6000	 1050	 300	 0	 1	 0	  1.1967	 1
-12000	 6000	 1050	 1300	 0	 1	 0	  0.3493	 1
12000	 -12000	 1050	 550	 0	 0	 1	  0.8888	 1
12000	 -6000	 1050	 800	 0	 0	 1	  0.6850	 2
6000	 -12000	 1050	 1550	 0	 0	 0	  0.3008	 2
-6000	 12000	 1050	 550	 1	 0	 0	  0.9801	 1
6000	 -6000	 1050	 800	 1	 0	 1	  0.3093	 1
6000	 -6000	 1050	 300	 0	 0	 0	  0.1162	 1
-12000	 12000	 1050	 1800	 1	 0	 0	  2.7474	 2
-12000	 6000	 1050	 300	 1	 0	 0	  1.0614	 1
12000	 -6000	 1050	 300	 0	 0	 0	  0.2939	 1
-6000	 6000	 1050	 300	 1	 0	 1	  0.3096	 2
12000	 -6000	 1050	 300	 1	 0	 1	  0.8847	 2
-12000	 12000	 1050	 550	 0	 0	 0	  0.4362	 2
-6000	 12000	 1050	 1050	 0	 1	 0	  0.3883	 2
-6000	 6000	 1050	 1800	 1	 0	 0	  0.5950	 2
6000	 -12000	 1050	 1800	 1	 0	 1	  0.4847	 1
-6000	 12000	 1050	 1800	 0	 0	 0	  0.4203	 2
-6000	 6000	 1050	 1050	 0	 0	 1	  0.5833	 1
-6000	 12000	 1050	 1550	 1	 0	 0	  4.9382	 2
-12000	 12000	 1050	 800	 1	 0	 0	  0.8840	 1
6000	 -6000	 1050	 550	 0	 1	 0	  0.3573	 1
-6000	 6000	 1050	 1550	 0	 0	 1	  0.4418	 2
12000	 -12000	 1050	 1800	 1	 0	 0	  0.3752	 2
-12000	 12000	 1050	 300	 1	 0	 1	  0.3046	 1
12000	 -6000	 1050	 1300	 1	 0	 0	  0.2835	 1
12000	 -12000	 1050	 550	 0	 1	 0	  0.7641	 1
12000	 -6000	 1050	 800	 0	 1	 0	  0.2868	 1
-6000	 6000	 1050	 550	 1	 0	 0	  0.5672	 2
-12000	 6000	 1050	 300	 0	 1	 1	  0.3570	 2
12000	 -6000	 1050	 1300	 1	 0	 1	  0.4494	 2
-12000	 12000	 1050	 1550	 1	 0	 1	  1.4769	 2
-6000	 12000	 1050	 300	 1	 0	 1	  0.2984	 2
-12000	 12000	 1050	 1550	 1	 0	 0	  1.4011	 2
12000	 -6000	 1050	 300	 0	 1	 1	  0.5050	 2
-12000	 12000	 1050	 1550	 0	 0	 0	  0.3753	 2
12000	 -6000	 1050	 1550	 1	 0	 1	  0.8789	 2
6000	 -12000	 1050	 1050	 0	 1	 0	  0.1247	 2
-6000	 6000	 1050	 1800	 0	 1	 1	  0.3255	 2
-6000	 12000	 1050	 550	 0	 0	 1	  0.6482	 2
6000	 -12000	 1050	 300	 0	 0	 1	  0.3658	 2
6000	 -12000	 1050	 300	 1	 0	 1	  1.0221	 2
-12000	 6000	 1050	 1050	 0	 0	 0	  0.3426	 2
12000	 -6000	 1050	 1050	 0	 0	 1	  1.0130	 1
-6000	 6000	 1050	 1050	 0	 1	 1	  0.5754	 2
-12000	 6000	 1050	 1550	 1	 0	 1	  1.2038	 1
12000	 -12000	 1050	 1300	 0	 0	 1	  0.4237	 2
12000	 -12000	 1050	 300	 0	 1	 1	  0.3825	 2
12000	 -12000	 1050	 1550	 0	 0	 0	  0.4212	 1
-6000	 12000	 1050	 1800	 0	 1	 1	  0.3965	 1
-6000	 6000	 1050	 1800	 0	 1	 1	  0.7554	 1
-6000	 6000	 1050	 1300	 0	 1	 0	  0.4202	 2
6000	 -6000	 1050	 550	 0	 0	 0	  0.3412	 1
-6000	 6000	 1050	 1550	 1	 0	 0	  0.3234	 2
-6000	 6000	 1050	 800	 0	 0	 1	  0.2731	 1
-12000	 12000	 1050	 550	 1	 0	 1	  1.2666	 2
12000	 -6000	 1050	 300	 1	 0	 0	  0.2777	 1
-12000	 6000	 1050	 800	 1	 0	 1	  1.3171	 2
6000	 -12000	 1050	 1050	 0	 1	 1	  0.3356	 1
12000	 -12000	 1050	 1800	 0	 0	 0	  0.3054	 2
12000	 -6000	 1050	 800	 1	 0	 1	  0.4890	 2
12000	 -12000	 1050	 300	 1	 0	 0	  0.9649	 1
6000	 -12000	 1050	 550	 0	 1	 0	  0.3575	 2
12000	 -6000	 1050	 550	 0	 1	 0	  0.3478	 1
-6000	 6000	 1050	 1550	 0	 0	 1	  0.7355	 2
12000	 -12000	 1050	 1550	 1	 0	 0	  0.3711	 1
-12000	 6000	 1050	 1300	 0	 0	 1	  0.4480	 2
-6000	 12000	 1050	 1300	 0	 1	 1	  0.3533	 1
12000	 -6000	 1050	 300	 1	 0	 0	  0.5147	 1
-6000	 6000	 1050	 1300	 0	 1	 1	  1.0132	 1
12000	 -12000	 1050	 1050	 0	 1	 0	  0.4639	 1
-6000	 12000	 1050	 550	 0	 1	 0	  0.4210	 1
-12000	 6000	 1050	 1050	 0	 1	 1	  0.3105	 2
12000	 -12000	 1050	 1050	 0	 0	 1	  0.7729	 1
-12000	 12000	 1050	 1300	 0	 0	 1	  0.3732	 2
6000	 -6000	 1050	 800	 0	 0	 0	  0.5856	 1
12000	 -12000	 1050	 800	 0	 1	 1	  0.3209	 1
-12000	 6000	 1050	 1300	 0	 0	 0	  1.0813	 1
-6000	 12000	 1050	 1800	 0	 1	 0	  0.4533	 2
6000	 -12000	 1050	 1550	 1	 0	 0	  0.3351	 2
12000	 -12000	 1050	 1050	 1	 0	 1	  0.3208	 2
-12000	 6000	 1050	 1800	 0	 0	 0	  0.6429	 2
6000	 -12000	 1050	 1550	 0	 0	 0	  0.3002	 2
-12000	 6000	 1050	 550	 1	 0	 1	  0.2946	 2
-12000	 6000	 1050	 1050	 1	 0	 1	  0.6684	 2
-12000	 6000	 1050	 300	 0	 0	 1	  0.5275	 2
-6000	 6000	 1050	 1800	 1	 0	 0	  0.4230	 2
-6000	 6000	 1050	 550	 1	 0	 1	  0.3488	 1
6000	 -6000	 1050	 550	 0	 1	 1	  0.4465	 2
6000	 -6000	 1050	 1300	 1	 0	 0	  0.4677	 2
-6000	 6000	 1050	 1550	 0	 1	 1	  0.6314	 2
-6000	 6000	 1050	 1050	 0	 1	 0	  1.2301	 1
12000	 -6000	 1050	 550	 0	 0	 1	  0.4378	 2
12000	 -12000	 1050	 1550	 1	 0	 1	  0.7894	 1
-12000	 12000	 1050	 1300	 0	 0	 1	  0.6792	 1
6000	 -6000	 1050	 1050	 0	 1	 1	  1.1136	 2
-6000	 6000	 1050	 550	 0	 1	 0	  0.4360	 1
-12000	 12000	 1050	 1550	 0	 1	 1	  0.4693	 1
6000	 -6000	 1050	 1550	 0	 0	 0	  0.3919	 2
6000	 -6000	 1050	 1800	 0	 0	 1	  0.6794	 1
-12000	 6000	 1050	 1050	 1	 0	 0	  0.4295	 1
12000	 -12000	 1050	 800	 1	 0	 0	  0.5554	 1
12000	 -6000	 1050	 300	 0	 0	 0	  0.4462	 1
-12000	 6000	 1050	 800	 0	 0	 0	  0.6435	 1
-6000	 12000	 1050	 300	 0	 1	 1	  0.8427	 1
12000	 -12000	 1050	 800	 0	 0	 0	  0.4016	 2
-6000	 6000	 1050	 1800	 0	 0	 1	  0.5301	 2
12000	 -12000	 1050	 800	 0	 1	 0	  0.3934	 2
12000	 -6000	 1050	 1050	 1	 0	 1	  1.6863	 2
12000	 -6000	 1050	 300	 0	 1	 1	  1.6736	 2
6000	 -6000	 1050	 300	 0	 0	 0	  0.5983	 1
6000	 -6000	 1050	 800	 0	 0	 1	  0.6681	 1
-6000	 12000	 1050	 800	 0	 1	 0	  1.0345	 2
12000	 -12000	 1050	 550	 1	 0	 0	  0.3125	 1
12000	 -12000	 1050	 1800	 0	 0	 0	  0.4807	 2
-6000	 12000	 1050	 1050	 1	 0	 1	  0.0102	 1
12000	 -6000	 1050	 1050	 0	 0	 1	  2.3085	 2
12000	 -6000	 1050	 300	 0	 1	 0	  0.6689	 1
12000	 -6000	 1050	 1050	 0	 1	 1	  0.3571	 2
6000	 -12000	 1050	 300	 0	 0	 1	  0.3028	 2
6000	 -6000	 1050	 300	 1	 0	 1	  0.3506	 2
-12000	 6000	 1050	 550	 1	 0	 0	  0.3003	 1
6000	 -12000	 1050	 300	 0	 0	 0	  2.1100	 1
6000	 -12000	 1050	 1800	 0	 1	 1	  1.3842	 2
-12000	 12000	 1050	 800	 0	 0	 1	  3.5337	 2
-6000	 12000	 1050	 1550	 0	 1	 0	  0.5589	 2
-6000	 12000	 1050	 1800	 0	 0	 1	  0.9011	 1
6000	 -12000	 1050	 550	 0	 1	 1	  0.4860	 1
12000	 -12000	 1050	 1800	 0	 1	 1	  0.3449	 2
6000	 -6000	 1050	 1300	 0	 1	 0	  0.8773	 1
6000	 -12000	 1050	 800	 0	 0	 1	  0.3422	 1
-6000	 6000	 1050	 1800	 0	 1	 0	  0.4664	 2
6000	 -6000	 1050	 550	 0	 0	 0	  0.5326	 1
-6000	 6000	 1050	 1550	 0	 1	 0	  0.4038	 2
-12000	 6000	 1050	 300	 0	 1	 1	  0.9923	 2
6000	 -6000	 1050	 1300	 0	 0	 0	  1.8383	 1
12000	 -6000	 1050	 800	 0	 1	 1	  0.9183	 2
12000	 -6000	 1050	 1800	 1	 0	 0	  0.3653	 2
-12000	 12000	 1050	 1800	 0	 0	 1	  0.2848	 1
-6000	 6000	 1050	 1300	 0	 0	 1	  0.4957	 1
-6000	 6000	 1050	 1550	 0	 1	 0	  1.0383	 1
-12000	 12000	 1050	 1300	 0	 1	 0	  1.1720	 2
12000	 -6000	 1050	 1550	 0	 0	 0	  0.0279	 1
-12000	 6000	 1050	 1800	 0	 0	 1	  0.1389	 1
6000	 -6000	 1050	 1300	 1	 0	 0	  0.1431	 2
12000	 -6000	 1050	 800	 0	 0	 0	  0.4762	 1
12000	 -6000	 1050	 1800	 0	 0	 0	  0.0169	 2
6000	 -12000	 1050	 1300	 1	 0	 0	  0.4062	 2
6000	 -6000	 1050	 550	 0	 0	 1	  1.1806	 2
-12000	 12000	 1050	 1550	 0	 0	 1	  0.6277	 1
-6000	 6000	 1050	 550	 0	 0	 1	  0.3630	 1
12000	 -12000	 1050	 300	 1	 0	 1	  0.3407	 2
12000	 -6000	 1050	 1800	 1	 0	 0	  0.3067	 2
6000	 -6000	 1050	 1050	 1	 0	 1	  0.2955	 1
-12000	 12000	 1050	 1800	 0	 1	 0	  0.4037	 2
6000	 -12000	 1050	 1050	 0	 0	 0	  0.1728	 1
-6000	 6000	 1050	 300	 0	 0	 0	  0.2134	 1
-12000	 6000	 1050	 800	 1	 0	 1	  0.3330	 2
-6000	 12000	 1050	 1050	 1	 0	 1	  0.4422	 1
-12000	 6000	 1050	 550	 0	 0	 0	  0.0074	 1
-12000	 12000	 1050	 800	 1	 0	 0	  0.4835	 2
-12000	 6000	 1050	 550	 0	 1	 1	  0.2938	 2
-12000	 12000	 1050	 550	 0	 1	 1	  0.5283	 2
-6000	 6000	 1050	 1050	 0	 0	 0	  0.3739	 1
-12000	 12000	 1050	 300	 0	 0	 1	  0.3218	 2
-12000	 12000	 1050	 300	 0	 1	 0	  0.4096	 1
6000	 -12000	 1050	 550	 0	 1	 0	  0.3638	 1
-6000	 6000	 1050	 1300	 0	 1	 1	  0.2932	 2
-12000	 6000	 1050	 1300	 0	 1	 1	  0.0995	 1
6000	 -6000	 1050	 1300	 0	 1	 1	  0.3890	 1
12000	 -12000	 1050	 800	 0	 0	 1	  0.4013	 1
-12000	 12000	 1050	 550	 0	 0	 1	  0.3252	 2
-12000	 12000	 1050	 550	 1	 0	 0	  0.4113	 1
-6000	 6000	 1050	 800	 1	 0	 1	  0.3113	 2
-12000	 12000	 1050	 1800	 1	 0	 1	  0.4717	 1
12000	 -6000	 1050	 1550	 0	 1	 0	  0.3033	 2
6000	 -6000	 1050	 1800	 0	 0	 0	  0.3218	 2
-6000	 6000	 1050	 300	 0	 1	 0	  0.4379	 1
12000	 -6000	 1050	 800	 1	 0	 1	  0.8797	 2
12000	 -12000	 1050	 1800	 1	 0	 0	  0.4611	 2
6000	 -12000	 1050	 1550	 0	 1	 0	  0.2262	 2
6000	 -6000	 1050	 300	 0	 1	 1	  0.2896	 1
-12000	 6000	 1050	 800	 0	 1	 1	  0.4736	 2
6000	 -6000	 1050	 550	 0	 1	 1	  0.2756	 1
-6000	 12000	 1050	 800	 0	 0	 0	  0.0212	 2
-6000	 12000	 1050	 800	 0	 0	 1	  0.2635	 1
12000	 -12000	 1050	 800	 1	 0	 1	  0.8106	 1
6000	 -12000	 1050	 1800	 1	 0	 0	  0.3038	 2
-6000	 6000	 1050	 800	 0	 0	 0	  0.3152	 1
-6000	 6000	 1050	 1050	 1	 0	 0	  0.4021	 2
-12000	 6000	 1050	 1550	 0	 0	 1	  0.3271	 1
12000	 -6000	 1050	 300	 0	 0	 1	  0.4520	 2
-12000	 12000	 1050	 300	 0	 1	 1	  0.2823	 2
6000	 -6000	 1050	 300	 0	 1	 1	  0.3714	 1
-6000	 12000	 1050	 1050	 0	 0	 1	  0.2968	 1
-6000	 12000	 1050	 550	 1	 0	 1	  0.3086	 2
-6000	 12000	 1050	 1800	 0	 0	 1	  0.4001	 2
-12000	 6000	 1050	 1050	 1	 0	 0	  0.4880	 2
-6000	 6000	 1050	 550	 0	 1	 1	  0.0921	 1
6000	 -12000	 1050	 1300	 0	 1	 1	  0.6813	 1
-6000	 6000	 1050	 550	 0	 1	 0	  0.3662	 1
6000	 -6000	 1050	 300	 1	 0	 1	  0.2711	 2
12000	 -12000	 1050	 550	 1	 0	 0	  0.4202	 1
-6000	 12000	 1050	 550	 0	 0	 0	  0.3669	 1
12000	 -12000	 1050	 300	 0	 0	 1	  0.2590	 2
-6000	 6000	 1050	 1800	 1	 0	 1	  0.4084	 1
-6000	 12000	 1050	 1300	 0	 1	 0	  0.4134	 2
-12000	 6000	 1050	 300	 0	 0	 0	  0.1827	 1
12000	 -6000	 1050	 300	 0	 1	 0	  0.0684	 1
6000	 -12000	 1050	 800	 1	 0	 1	  0.3808	 1
-12000	 12000	 1050	 800	 0	 1	 0	  0.3129	 1
-12000	 6000	 1050	 1300	 0	 1	 0	  0.4067	 1
-6000	 12000	 1050	 800	 0	 0	 0	  0.3388	 1
6000	 -12000	 1050	 800	 0	 0	 0	  0.3035	 1
-6000	 12000	 1050	 1800	 0	 1	 0	  0.3114	 2
12000	 -12000	 1050	 550	 0	 0	 1	  0.0216	 2
6000	 -12000	 1050	 1050	 1	 0	 0	  0.5375	 2
-6000	 6000	 1050	 300	 1	 0	 1	  0.4955	 1
12000	 -6000	 1050	 1050	 1	 0	 1	  0.2791	 2
-12000	 6000	 1050	 550	 1	 0	 0	  0.3139	 1
-6000	 6000	 1050	 1050	 0	 1	 0	  0.5158	 2
6000	 -6000	 1050	 1550	 0	 0	 1	  0.3380	 1
-6000	 12000	 1050	 1550	 0	 1	 0	  0.4581	 2
-6000	 6000	 1050	 800	 1	 0	 0	  2.7344	 2
6000	 -12000	 1050	 300	 0	 1	 1	  0.4165	 2
-12000	 6000	 1050	 1550	 0	 1	 1	  0.3243	 2
-6000	 12000	 1050	 800	 0	 1	 1	  0.2930	 1
12000	 -6000	 1050	 550	 1	 0	 1	  0.3058	 2
12000	 -12000	 1050	 550	 0	 0	 0	  0.3336	 1
-6000	 12000	 1050	 1800	 0	 1	 1	  0.3080	 1
6000	 -6000	 1050	 550	 0	 1	 0	  0.3978	 2
6000	 -12000	 1050	 300	 1	 0	 0	  0.2958	 1
6000	 -12000	 1050	 300	 0	 1	 0	  0.3462	 1
12000	 -12000	 1050	 300	 0	 0	 1	  0.9193	 2
12000	 -6000	 1050	 550	 1	 0	 0	  1.2648	 2
-6000	 12000	 1050	 1050	 0	 0	 0	  0.4620	 2
-6000	 6000	 1050	 800	 0	 1	 1	  0.3146	 1
-12000	 6000	 1050	 800	 0	 1	 0	  0.5264	 1
12000	 -12000	 1050	 1300	 0	 0	 1	  0.4506	 1
-6000	 6000	 1050	 1550	 0	 1	 1	  0.2959	 2
-12000	 12000	 1050	 1050	 0	 0	 0	  0.3783	 2
12000	 -12000	 1050	 800	 0	 0	 1	  0.4146	 2
12000	 -12000	 1050	 1050	 0	 0	 0	  0.3020	 2
-6000	 12000	 1050	 1050	 0	 0	 1	  0.4075	 1
6000	 -12000	 1050	 1800	 0	 0	 0	  0.2820	 2
12000	 -6000	 1050	 1800	 1	 0	 1	  0.3595	 2
6000	 -12000	 1050	 1800	 0	 1	 1	  1.2839	 1
12000	 -12000	 1050	 1300	 0	 1	 1	  0.3325	 2
6000	 -6000	 1050	 1800	 1	 0	 0	  0.3107	 2
-6000	 12000	 1050	 1550	 0	 0	 1	  0.7353	 1
6000	 -12000	 1050	 800	 0	 1	 1	  1.2381	 1
-6000	 6000	 1050	 300	 0	 0	 0	  0.3096	 1
12000	 -12000	 1050	 1300	 1	 0	 0	  0.3224	 2
-6000	 6000	 1050	 1550	 1	 0	 0	  0.3291	 1
12000	 -12000	 1050	 1050	 0	 1	 1	  0.2827	 2
6000	 -6000	 1050	 1050	 1	 0	 1	  0.3069	 1
-12000	 6000	 1050	 1800	 1	 0	 1	  0.4465	 2
12000	 -12000	 1050	 800	 1	 0	 0	  0.3720	 1
6000	 -6000	 1050	 1800	 0	 0	 1	  0.3135	 1
-12000	 12000	 1050	 1800	 0	 0	 0	  0.3265	 2
6000	 -12000	 1050	 1800	 0	 0	 1	  0.3390	 1
12000	 -12000	 1050	 300	 0	 0	 0	  0.5867	 1
-6000	 12000	 1050	 550	 0	 0	 1	  5.3799	 2
12000	 -12000	 1050	 1300	 1	 0	 0	  0.7270	 2
6000	 -12000	 1050	 1300	 0	 1	 0	  9.0684	 1
12000	 -12000	 1050	 1300	 0	 1	 0	  0.5424	 1
-12000	 6000	 1050	 300	 1	 0	 1	  0.3077	 2
6000	 -12000	 1050	 1300	 0	 1	 1	  0.3181	 1
6000	 -12000	 1050	 1300	 0	 1	 0	  0.3504	 2
-6000	 6000	 1050	 1300	 1	 0	 0	  0.2997	 2
-12000	 6000	 1050	 550	 0	 1	 0	  0.2591	 1
-6000	 6000	 1050	 1300	 0	 0	 1	  0.3899	 1
-12000	 6000	 1050	 1050	 1	 0	 1	  0.4811	 2
-12000	 12000	 1050	 1300	 0	 0	 0	  0.2907	 2
-12000	 6000	 1050	 550	 0	 0	 1	  0.0397	 2
12000	 -6000	 1050	 1300	 0	 1	 0	  0.6383	 2
-12000	 6000	 1050	 1550	 1	 0	 0	  0.2786	 2
-12000	 6000	 1050	 1800	 1	 0	 0	  0.3750	 2
-12000	 12000	 1050	 1050	 0	 0	 1	  0.0330	 1
-12000	 12000	 1050	 1050	 1	 0	 1	  0.2742	 1
12000	 -12000	 1050	 1800	 0	 1	 0	  0.4509	 2
-12000	 6000	 1050	 1300	 1	 0	 0	  1.8749	 1
12000	 -6000	 1050	 800	 0	 0	 1	  0.3069	 2
6000	 -6000	 1050	 1550	 1	 0	 1	  0.2764	 2
6000	 -12000	 1050	 1050	 0	 1	 0	  0.4787	 2
-12000	 12000	 1050	 1050	 0	 1	 0	  0.0146	 2
-6000	 12000	 1050	 800	 0	 1	 1	  0.4316	 1
6000	 -12000	 1050	 550	 1	 0	 1	  1.5149	 1
12000	 -6000	 1050	 1800	 0	 1	 0	  0.5054	 1
12000	 -12000	 1050	 1550	 0	 1	 1	  0.4151	 1
-6000	 6000	 1050	 550	 0	 0	 0	  0.1400	 2
6000	 -6000	 1050	 1300	 0	 1	 0	  2.2096	 1
-6000	 6000	 1050	 300	 1	 0	 0	  0.3578	 1
-12000	 6000	 1050	 1800	 0	 0	 1	  1.1434	 1
-12000	 12000	 1050	 550	 1	 0	 1	  0.3127	 2
-12000	 12000	 1050	 800	 0	 1	 0	  0.6695	 1
-12000	 6000	 1050	 550	 0	 0	 1	  0.1181	 1
-6000	 12000	 1050	 1550	 0	 1	 1	  0.2819	 2
-6000	 6000	 1050	 1550	 1	 0	 1	  0.2848	 1
-12000	 6000	 1050	 300	 0	 0	 0	  0.4049	 1
6000	 -6000	 1050	 1050	 1	 0	 0	  0.3503	 1
-12000	 12000	 1050	 1050	 1	 0	 0	  0.2619	 1
-6000	 12000	 1050	 800	 1	 0	 0	  0.3789	 1
6000	 -6000	 1050	 1800	 0	 1	 1	  0.2529	 1
-12000	 6000	 1050	 800	 0	 1	 1	  0.2828	 2
-6000	 6000	 1050	 1550	 0	 0	 0	  0.3413	 2
12000	 -12000	 1050	 1300	 0	 1	 1	  0.2532	 1
12000	 -6000	 1050	 1800	 1	 0	 1	  0.3347	 1
12000	 -12000	 1050	 1300	 1	 0	 1	  0.1790	 1
-12000	 12000	 1050	 1800	 0	 1	 1	  0.3316	 1
6000	 -6000	 1050	 800	 0	 0	 1	  0.3584	 1
-6000	 12000	 1050	 1550	 0	 1	 1	  0.3025	 1
-6000	 12000	 1050	 1050	 0	 0	 0	  0.3187	 1
-6000	 6000	 1050	 1550	 0	 0	 0	  0.4424	 2
6000	 -6000	 1050	 1300	 0	 0	 1	  0.3499	 1
-12000	 6000	 1050	 1050	 0	 1	 0	  0.3410	 2
6000	 -6000	 1050	 300	 0	 0	 1	  0.4077	 2
12000	 -6000	 1050	 550	 0	 1	 1	  0.2631	 2
-12000	 6000	 1050	 1050	 0	 0	 0	  0.3819	 1
-6000	 12000	 1050	 1050	 1	 0	 0	  0.7440	 2
6000	 -12000	 1050	 1800	 0	 0	 0	  0.4657	 2
12000	 -12000	 1050	 1550	 0	 1	 0	  0.2849	 1
6000	 -12000	 1050	 1050	 0	 0	 1	  0.2502	 1
12000	 -6000	 1050	 550	 0	 0	 1	  0.3106	 2
12000	 -6000	 1050	 1300	 0	 0	 0	  0.3158	 1
-12000	 12000	 1050	 1050	 1	 0	 1	  0.3873	 1
6000	 -12000	 1050	 1050	 0	 0	 1	  0.3153	 1
-12000	 12000	 1050	 1800	 1	 0	 1	  0.6294	 2
6000	 -6000	 1050	 1300	 0	 1	 1	  0.3168	 2
-12000	 6000	 1050	 1300	 0	 1	 1	  0.3121	 2
-6000	 6000	 1050	 300	 0	 1	 0	  0.3324	 1
-12000	 12000	 1050	 1800	 0	 1	 0	  0.2685	 1
-6000	 6000	 1050	 300	 1	 0	 0	  0.2540	 1
12000	 -12000	 1050	 300	 0	 1	 0	  0.3876	 1
6000	 -6000	 1050	 300	 0	 1	 0	  0.3353	 1
-6000	 12000	 1050	 1550	 1	 0	 1	  0.4366	 2
12000	 -6000	 1050	 1050	 1	 0	 0	  0.3384	 1
-6000	 6000	 1050	 300	 0	 0	 1	  0.2856	 2
-6000	 12000	 1050	 550	 1	 0	 1	  0.3440	 1
6000	 -6000	 1050	 800	 0	 1	 1	  0.4609	 2
-12000	 6000	 1050	 1800	 1	 0	 1	  0.4541	 2
-12000	 6000	 1050	 1550	 0	 0	 1	  0.4826	 2
6000	 -12000	 1050	 800	 1	 0	 0	  0.2428	 1
-12000	 6000	 1050	 1550	 0	 1	 0	  0.3067	 1
-12000	 12000	 1050	 1800	 0	 0	 1	  0.1885	 1
-12000	 6000	 1050	 1550	 1	 0	 0	  0.2969	 1
6000	 -12000	 1050	 550	 0	 0	 0	  0.3252	 1
6000	 -6000	 1050	 1800	 1	 0	 1	  0.3514	 2
-12000	 12000	 1050	 300	 0	 0	 0	  0.1887	 1
12000	 -6000	 1050	 1800	 0	 0	 0	  1.7424	 2
6000	 -12000	 1050	 1550	 0	 0	 1	  0.4627	 1
-6000	 12000	 1050	 550	 0	 1	 1	  0.3673	 1
-12000	 6000	 1050	 550	 0	 0	 0	  1.0045	 1
-6000	 6000	 1050	 300	 0	 1	 1	  0.2574	 2
12000	 -12000	 1050	 1550	 0	 1	 1	  0.1154	 1
12000	 -6000	 1050	 1550	 0	 1	 1	  0.3281	 1
-12000	 12000	 1050	 1050	 0	 0	 0	  0.7261	 1
12000	 -6000	 1050	 550	 0	 1	 0	  0.2665	 1
-6000	 12000	 1050	 800	 0	 1	 0	  0.6946	 1
6000	 -6000	 1050	 800	 1	 0	 0	  0.3193	 1
12000	 -12000	 1050	 300	 0	 1	 0	  0.3157	 1
-12000	 6000	 1050	 1800	 0	 1	 0	  0.4171	 2
-6000	 6000	 1050	 550	 0	 0	 1	  0.3285	 2
-6000	 12000	 1050	 550	 0	 0	 0	  0.2340	 1
12000	 -12000	 1050	 1050	 0	 1	 0	  0.3217	 2
6000	 -6000	 1050	 800	 0	 0	 0	  0.5568	 2
-12000	 12000	 1050	 1300	 0	 1	 1	  0.2750	 2
6000	 -6000	 1050	 1050	 0	 0	 1	  0.5335	 1
6000	 -12000	 1050	 1300	 0	 0	 1	  0.3381	 2
-12000	 12000	 1050	 1550	 0	 1	 0	  0.3272	 2
12000	 -12000	 1050	 300	 0	 0	 0	  0.2201	 1
-6000	 6000	 1050	 1050	 1	 0	 0	  0.3295	 2
-6000	 6000	 1050	 800	 0	 1	 0	  0.3378	 1
6000	 -12000	 1050	 550	 1	 0	 0	  0.8923	 1
12000	 -6000	 1050	 550	 1	 0	 0	  0.3581	 1
12000	 -6000	 1050	 1800	 0	 1	 1	  0.4314	 1
6000	 -12000	 1050	 550	 1	 0	 0	  0.2903	 1
-6000	 12000	 1050	 1050	 0	 1	 0	  1.6026	 2
-6000	 6000	 1050	 1300	 0	 0	 0	  0.3121	 2
-12000	 12000	 1050	 300	 0	 0	 0	  0.2006	 1
-6000	 6000	 1050	 1050	 1	 0	 1	  0.5153	 2
-6000	 12000	 1050	 300	 0	 1	 0	  0.4918	 1
6000	 -12000	 1050	 800	 1	 0	 0	  0.3206	 1
6000	 -12000	 1050	 550	 0	 0	 1	  0.3401	 2
-6000	 6000	 1050	 550	 0	 0	 0	  0.1060	 1
12000	 -12000	 1050	 1300	 0	 0	 0	  0.2879	 2
-6000	 6000	 1050	 550	 1	 0	 1	  0.3977	 1
12000	 -12000	 1050	 800	 0	 0	 0	  0.2806	 1
6000	 -6000	 1050	 1550	 1	 0	 1	  2.3117	 2
-6000	 12000	 1050	 300	 1	 0	 0	  0.5870	 1
-6000	 12000	 1050	 300	 0	 0	 0	  0.6085	 1
12000	 -12000	 1050	 550	 0	 1	 0	  0.2688	 1
-12000	 12000	 1050	 1550	 1	 0	 1	  0.3007	 2
12000	 -6000	 1050	 1050	 0	 1	 1	  0.2655	 2
-12000	 12000	 1050	 550	 0	 1	 1	  0.3975	 2
6000	 -6000	 1050	 1800	 0	 1	 0	  0.3997	 2
6000	 -6000	 1050	 1550	 1	 0	 0	  0.5281	 2
-6000	 6000	 1050	 1050	 0	 0	 0	  0.3285	 1
-12000	 12000	 1050	 800	 0	 1	 1	  0.3566	 2
-12000	 12000	 1050	 1800	 1	 0	 0	  0.0683	 2
12000	 -6000	 1050	 1050	 1	 0	 0	  0.4424	 1
-6000	 12000	 1050	 300	 0	 1	 1	  5.7103	 2
-6000	 12000	 1050	 300	 1	 0	 0	  0.3625	 1
-6000	 12000	 1050	 1800	 0	 0	 0	  0.4234	 2
6000	 -6000	 1050	 1050	 0	 1	 0	  0.2895	 1
12000	 -12000	 1050	 550	 0	 1	 1	  0.4780	 2
-12000	 6000	 1050	 550	 0	 1	 1	  0.2909	 2
-6000	 6000	 1050	 1550	 1	 0	 1	  0.4250	 1
-12000	 6000	 1050	 800	 0	 1	 0	  0.3874	 1
12000	 -6000	 1050	 1800	 0	 1	 0	  0.7227	 2
6000	 -6000	 1050	 1800	 1	 0	 1	  2.4120	 1
12000	 -6000	 1050	 800	 0	 1	 0	  0.4131	 1
-6000	 6000	 1050	 1800	 1	 0	 1	  0.6089	 1
12000	 -6000	 1050	 550	 0	 0	 0	  0.2383	 1
6000	 -6000	 1050	 1300	 0	 0	 0	  0.4312	 2
6000	 -6000	 1050	 1800	 1	 0	 0	  0.3443	 1
6000	 -6000	 1050	 1800	 0	 1	 0	  0.5096	 2
6000	 -12000	 1050	 1300	 0	 0	 0	  0.3600	 2
12000	 -6000	 1050	 1050	 0	 0	 0	  0.1179	 1
-6000	 12000	 1050	 1300	 1	 0	 0	  1.5566	 2
-6000	 12000	 1050	 550	 1	 0	 0	  0.6131	 1
-6000	 6000	 1050	 1800	 0	 0	 0	  0.7085	 2
-12000	 6000	 1050	 1300	 1	 0	 0	  0.6305	 2
6000	 -6000	 1050	 800	 0	 1	 0	  0.2970	 1
6000	 -12000	 1050	 550	 0	 0	 1	  1.1590	 2
12000	 -6000	 1050	 1550	 0	 1	 0	  0.5387	 2
-12000	 12000	 1050	 800	 1	 0	 1	  0.8656	 2
6000	 -12000	 1050	 1550	 0	 1	 1	  0.4014	 1
-6000	 12000	 1050	 300	 0	 1	 0	  0.3993	 1
-12000	 12000	 1050	 1800	 0	 0	 0	  0.2732	 2
-6000	 12000	 1050	 1300	 0	 0	 1	  0.3223	 1
6000	 -6000	 1050	 1050	 0	 0	 1	  0.6645	 2
6000	 -6000	 1050	 550	 1	 0	 1	  0.2789	 2
6000	 -6000	 1050	 1550	 0	 1	 1	  0.2794	 1
-6000	 12000	 1050	 1300	 1	 0	 1	  0.6099	 1
-6000	 12000	 1050	 1300	 1	 0	 0	  0.2384	 2
12000	 -12000	 1050	 550	 1	 0	 1	  0.1052	 2
-12000	 6000	 1050	 1800	 0	 0	 0	  0.5743	 1
-12000	 6000	 1050	 1300	 0	 0	 0	  0.7523	 1
-12000	 6000	 1050	 1550	 0	 0	 0	  0.3872	 1
-12000	 6000	 1050	 800	 1	 0	 0	  0.0814	 1
-12000	 12000	 1050	 800	 0	 0	 0	  0.2428	 1
6000	 -6000	 1050	 1300	 1	 0	 1	  0.3097	 2
-12000	 6000	 1050	 1550	 0	 1	 1	  0.9156	 2
12000	 -6000	 1050	 1050	 0	 1	 0	  0.3311	 1
-12000	 12000	 1050	 300	 1	 0	 0	  0.5650	 1
6000	 -6000	 1050	 800	 0	 1	 0	  0.3267	 2
-12000	 12000	 1050	 1050	 0	 1	 0	  1.0479	 2
-6000	 12000	 1050	 1550	 1	 0	 1	  0.7796	 1
12000	 -12000	 1050	 1550	 0	 0	 0	  0.3863	 2
12000	 -12000	 1050	 550	 0	 0	 0	  0.3014	 1
-6000	 12000	 1050	 550	 0	 1	 1	  1.2949	 2
-12000	 12000	 1050	 550	 1	 0	 0	  0.5487	 1
-12000	 6000	 1050	 1800	 0	 1	 1	  1.9527	 1
12000	 -6000	 1050	 1550	 0	 0	 1	  1.7216	 1
6000	 -12000	 1050	 1550	 0	 1	 1	  1.9348	 1
-12000	 12000	 1050	 1300	 1	 0	 1	  0.7984	 1
-12000	 12000	 1050	 800	 1	 0	 1	  0.3411	 2
-6000	 12000	 1050	 1300	 0	 0	 0	  0.2553	 2
-6000	 6000	 1050	 800	 1	 0	 0	  0.3104	 2
-12000	 6000	 1050	 1800	 0	 1	 0	  0.9308	 1
-6000	 6000	 1050	 1800	 0	 1	 0	  0.4027	 2
-12000	 6000	 1050	 1050	 0	 0	 1	  4.2011	 2
12000	 -6000	 1050	 550	 0	 0	 0	  0.3410	 1
-12000	 6000	 1050	 800	 0	 0	 0	  1.3515	 1
-6000	 12000	 1050	 1300	 0	 1	 0	  0.3331	 2
-6000	 12000	 1050	 1800	 1	 0	 0	  0.3704	 2
12000	 -6000	 1050	 800	 1	 0	 0	  0.3754	 1
12000	 -6000	 1050	 1300	 1	 0	 0	  0.3104	 2
12000	 -12000	 1050	 1550	 1	 0	 0	  0.3526	 2
12000	 -12000	 1050	 1050	 0	 1	 1	  0.3535	 1
6000	 -6000	 1050	 1050	 0	 0	 0	  0.3726	 1
-6000	 6000	 1050	 1800	 0	 0	 0	  1.2092	 2
6000	 -12000	 1050	 300	 1	 0	 0	  0.2874	 1
12000	 -12000	 1050	 550	 0	 1	 1	  0.2959	 2
6000	 -6000	 1050	 1050	 0	 1	 0	  0.3601	 1
6000	 -12000	 1050	 1800	 1	 0	 1	  0.4002	 1
6000	 -12000	 1050	 550	 0	 0	 0	  0.3417	 1
12000	 -12000	 1050	 1550	 0	 1	 0	  0.3116	 2
12000	 -6000	 1050	 1550	 1	 0	 1	  0.3426	 2
6000	 -6000	 1050	 1800	 0	 0	 0	  0.5595	 2
-6000	 6000	 1050	 300	 0	 0	 1	  0.3245	 2
12000	 -6000	 1050	 1300	 0	 0	 0	  0.1171	 2
6000	 -6000	 1050	 1550	 0	 0	 0	  0.3301	 2
6000	 -12000	 1050	 1550	 1	 0	 0	  0.3392	 2
6000	 -12000	 1050	 800	 0	 0	 0	  0.3112	 1
-12000	 12000	 1050	 1550	 0	 1	 0	  0.0435	 2
6000	 -12000	 1050	 1050	 0	 1	 1	  0.4159	 1
-6000	 12000	 1050	 1300	 0	 0	 1	  0.2688	 1
12000	 -6000	 1050	 1300	 0	 1	 1	  0.3800	 1
12000	 -12000	 1050	 800	 0	 1	 1	  1.1447	 2
-12000	 12000	 1050	 1050	 0	 1	 1	  0.9837	 2
-12000	 12000	 1050	 1800	 0	 1	 1	  0.3043	 1
-6000	 6000	 1050	 1050	 0	 1	 1	  0.4707	 2
6000	 -6000	 1050	 1300	 0	 0	 1	  0.3227	 2
-12000	 6000	 1050	 300	 0	 1	 0	  0.3297	 1
6000	 -12000	 1050	 550	 1	 0	 1	  0.3223	 2
-6000	 12000	 1050	 300	 0	 0	 1	  0.3109	 2
12000	 -12000	 1050	 1550	 0	 0	 1	  0.3551	 1
12000	 -6000	 1050	 1550	 1	 0	 0	  0.3645	 2
-6000	 12000	 1050	 800	 1	 0	 0	  0.2972	 1
6000	 -12000	 1050	 1800	 0	 1	 0	  0.5484	 2
12000	 -6000	 1050	 550	 0	 1	 1	  0.5304	 1
-6000	 12000	 1050	 1800	 1	 0	 1	  0.4821	 1
-12000	 6000	 1050	 1550	 1	 0	 1	  0.3269	 1
6000	 -12000	 1050	 1300	 0	 0	 0	  0.2914	 2
-6000	 12000	 1050	 300	 1	 0	 1	  1.2006	 1
12000	 -12000	 1050	 1800	 0	 0	 1	  0.3673	 1
6000	 -6000	 1050	 800	 1	 0	 1	  0.4930	 2
12000	 -12000	 1050	 1550	 0	 0	 1	  0.3682	 1
12000	 -12000	 1050	 1800	 0	 1	 1	  0.2906	 1
12000	 -12000	 1050	 1300	 0	 1	 0	  0.5257	 2
-12000	 12000	 1050	 800	 0	 1	 1	  0.2853	 2
-6000	 12000	 1050	 550	 0	 1	 0	  0.3105	 1
6000	 -6000	 1050	 550	 1	 0	 0	  0.2158	 1
-12000	 6000	 1050	 800	 0	 0	 1	  0.0805	 1
-6000	 6000	 1050	 1800	 0	 0	 1	  0.2157	 1
12000	 -12000	 1050	 1050	 0	 0	 1	  0.3016	 2
-12000	 6000	 1050	 300	 1	 0	 1	  0.2866	 2
12000	 -6000	 1050	 1800	 0	 1	 1	  0.2080	 1
-12000	 12000	 1050	 1300	 0	 1	 0	  0.3779	 2
-12000	 12000	 1050	 300	 1	 0	 0	  0.1479	 1
12000	 -12000	 1050	 300	 1	 0	 1	  0.2266	 1
-6000	 12000	 1050	 1050	 0	 1	 1	  1.5326	 1
-12000	 12000	 1050	 1050	 0	 0	 1	  1.2615	 2
-12000	 12000	 1050	 1550	 0	 0	 1	  0.6313	 2
-12000	 12000	 1050	 300	 0	 1	 0	  0.4712	 2
-6000	 6000	 1050	 1050	 0	 0	 1	  0.2716	 2
-6000	 6000	 1050	 800	 0	 0	 0	  0.5376	 2
6000	 -6000	 1050	 300	 1	 0	 0	  0.3842	 1
-12000	 12000	 1050	 550	 0	 1	 0	  0.3339	 1
-6000	 12000	 1050	 1300	 0	 0	 0	  0.4996	 2
6000	 -12000	 1050	 800	 0	 1	 1	  0.3811	 1
6000	 -6000	 1050	 1050	 0	 0	 0	  0.3424	 2
12000	 -12000	 1050	 1050	 1	 0	 1	  0.3216	 2
-6000	 6000	 1050	 1300	 1	 0	 1	  0.4301	 1
-6000	 12000	 1050	 1550	 0	 0	 0	  0.3444	 2
-6000	 6000	 1050	 1300	 0	 1	 0	  0.2370	 1
-6000	 12000	 1050	 300	 0	 0	 0	  0.3182	 1
6000	 -12000	 1050	 1300	 1	 0	 1	  0.1604	 1
12000	 -6000	 1050	 800	 0	 0	 0	  1.0230	 1
12000	 -12000	 1050	 800	 0	 1	 0	  0.3165	 1
-12000	 6000	 1050	 800	 0	 0	 1	  0.2436	 2
-12000	 6000	 1050	 1300	 1	 0	 1	  0.2601	 2
12000	 -6000	 1050	 1300	 1	 0	 1	  0.5473	 1
-6000	 12000	 1050	 800	 0	 0	 1	  0.5220	 1
12000	 -6000	 1050	 1800	 0	 0	 1	  0.2457	 1
6000	 -6000	 1050	 1550	 1	 0	 0	  0.2629	 2
6000	 -6000	 1050	 800	 0	 1	 1	  2.9896	 2
-12000	 12000	 1050	 1550	 0	 0	 0	  0.3041	 2
6000	 -12000	 1050	 1800	 0	 1	 0	  0.5747	 1
-6000	 6000	 1050	 800	 0	 0	 1	  1.0814	 1
6000	 -12000	 1050	 1300	 0	 0	 1	  0.4006	 1
6000	 -6000	 1050	 300	 0	 0	 1	  0.2780	 2
6000	 -6000	 1050	 1800	 0	 1	 1	  0.3920	 2
-12000	 6000	 1050	 1550	 0	 0	 0	  0.3321	 1
6000	 -12000	 1050	 800	 1	 0	 1	  0.2797	 1
6000	 -12000	 1050	 1550	 1	 0	 1	  0.2376	 1
