6000	 -6000	 1050	 1800	 0	 0	 0	  1.4319	 2
-12000	 6000	 1050	 1050	 0	 0	 1	  1.5136	 2
12000	 -12000	 1050	 550	 0	 1	 0	  2.1859	 1
-6000	 6000	 1050	 1300	 1	 0	 0	  1.3114	 1
-6000	 6000	 1050	 1550	 1	 0	 1	  1.2777	 1
-6000	 12000	 1050	 800	 0	 1	 0	  4.2013	 1
-6000	 12000	 1050	 1300	 0	 0	 1	  1.2469	 1
-6000	 6000	 1050	 550	 1	 0	 1	  0.7689	 2
12000	 -12000	 1050	 550	 0	 0	 0	  1.0819	 1
6000	 -12000	 1050	 1050	 0	 1	 0	  1.4897	 1
-12000	 12000	 1050	 1800	 0	 0	 0	  2.5057	 2
12000	 -6000	 1050	 1300	 0	 0	 0	  1.1878	 2
-12000	 12000	 1050	 1050	 0	 0	 1	  1.1519	 1
6000	 -6000	 1050	 1550	 1	 0	 1	  1.9725	 2
-12000	 12000	 1050	 1300	 0	 0	 0	  2.3952	 2
-6000	 12000	 1050	 1550	 0	 1	 1	  0.6356	 1
6000	 -12000	 1050	 550	 0	 0	 0	  1.7156	 2
-6000	 6000	 1050	 1300	 1	 0	 0	  0.7330	 1
-6000	 12000	 1050	 1800	 1	 0	 1	  0.4351	 1
-6000	 12000	 1050	 1050	 0	 1	 1	  0.7988	 1
-12000	 6000	 1050	 1800	 0	 0	 0	  3.5277	 1
-6000	 12000	 1050	 300	 0	 0	 1	  1.4801	 2
-12000	 12000	 1050	 800	 0	 0	 1	  1.1170	 2
-12000	 6000	 1050	 1300	 0	 0	 0	  0.7748	 2
6000	 -6000	 1050	 1300	 0	 0	 1	  1.1733	 1
12000	 -12000	 1050	 1300	 0	 0	 0	  1.1540	 2
12000	 -12000	 1050	 1300	 0	 1	 1	  1.7460	 2
12000	 -12000	 1050	 1800	 1	 0	 0	  0.4518	 2
6000	 -12000	 1050	 1800	 1	 0	 0	  1.3620	 2
-6000	 6000	 1050	 800	 0	 0	 0	  0.2884	 2
6000	 -6000	 1050	 1800	 1	 0	 1	  0.4365	 1
-6000	 12000	 1050	 550	 0	 1	 1	  0.1023	 2
-6000	 6000	 1050	 1300	 0	 1	 1	  0.7957	 1
-6000	 12000	 1050	 1300	 1	 0	 0	  0.7186	 2
-12000	 6000	 1050	 550	 0	 1	 0	  0.8672	 1
-6000	 6000	 1050	 1050	 0	 0	 0	  0.5455	 1
12000	 -6000	 1050	 1550	 1	 0	 1	  0.8429	 1
6000	 -12000	 1050	 1050	 0	 1	 1	  1.1599	 2
12000	 -12000	 1050	 300	 1	 0	 0	  2.9256	 1
-6000	 6000	 1050	 800	 1	 0	 0	  1.5070	 1
12000	 -6000	 1050	 1550	 1	 0	 1	  1.2903	 1
12000	 -6000	 1050	 1050	 0	 0	 1	  0.3648	 2
-12000	 6000	 1050	 800	 0	 0	 1	  2.0624	 1
-12000	 6000	 1050	 1800	 1	 0	 0	  1.7053	 2
-12000	 6000	 1050	 1300	 1	 0	 0	  0.9303	 1
-6000	 12000	 1050	 800	 0	 1	 0	  0.9710	 1
12000	 -6000	 1050	 550	 1	 0	 0	  0.7514	 1
-12000	 12000	 1050	 550	 1	 0	 1	  0.0393	 2
6000	 -6000	 1050	 1050	 0	 1	 1	  1.1236	 1
6000	 -6000	 1050	 550	 1	 0	 1	  0.9261	 2
12000	 -6000	 1050	 1800	 0	 1	 1	  1.3582	 1
-12000	 12000	 1050	 1300	 0	 0	 1	  0.9744	 1
-12000	 12000	 1050	 1050	 0	 1	 0	  0.1500	 2
6000	 -6000	 1050	 1800	 0	 1	 1	  0.9910	 1
-12000	 6000	 1050	 800	 0	 0	 0	  1.3078	 1
12000	 -6000	 1050	 550	 0	 1	 0	  0.2031	 2
6000	 -12000	 1050	 300	 1	 0	 1	  0.2908	 2
12000	 -6000	 1050	 1300	 0	 1	 0	  0.0628	 2
-12000	 6000	 1050	 1550	 1	 0	 0	  0.7423	 1
6000	 -12000	 1050	 1300	 1	 0	 0	  1.8475	 2
-12000	 6000	 1050	 300	 0	 1	 1	  1.4190	 2
6000	 -12000	 1050	 300	 0	 0	 1	  0.4099	 2
6000	 -6000	 1050	 550	 0	 1	 1	  1.0789	 1
-6000	 6000	 1050	 550	 0	 1	 0	  0.4280	 2
12000	 -12000	 1050	 1550	 1	 0	 1	  3.5441	 1
12000	 -6000	 1050	 1550	 0	 0	 1	  0.3855	 2
6000	 -12000	 1050	 550	 0	 0	 1	  0.6209	 1
-12000	 6000	 1050	 1550	 0	 1	 1	  0.3136	 1
-6000	 6000	 1050	 1800	 0	 0	 0	  0.3645	 2
-12000	 12000	 1050	 1050	 0	 1	 0	  0.7530	 2
6000	 -12000	 1050	 1550	 0	 0	 0	  0.5701	 1
-12000	 12000	 1050	 550	 0	 1	 1	  0.5395	 1
-12000	 6000	 1050	 550	 0	 1	 1	  0.9152	 2
-12000	 12000	 1050	 300	 0	 1	 1	  0.4562	 2
-12000	 6000	 1050	 1800	 0	 0	 1	  0.6323	 1
12000	 -12000	 1050	 550	 0	 0	 1	  0.4224	 2
12000	 -6000	 1050	 1550	 0	 0	 0	  0.2128	 2
-6000	 12000	 1050	 1550	 1	 0	 0	  0.7752	 2
12000	 -12000	 1050	 1800	 0	 1	 0	  1.0541	 2
6000	 -6000	 1050	 800	 1	 0	 1	  0.4063	 2
-6000	 12000	 1050	 1800	 0	 0	 0	  0.3130	 2
-6000	 12000	 1050	 550	 1	 0	 0	  0.3151	 1
-6000	 6000	 1050	 800	 0	 1	 0	  0.5398	 1
6000	 -6000	 1050	 1300	 0	 0	 0	  0.3764	 2
-6000	 12000	 1050	 1800	 1	 0	 0	  0.6498	 2
-6000	 6000	 1050	 1300	 0	 1	 0	  0.1116	 2
-6000	 6000	 1050	 1050	 0	 1	 0	  0.2070	 2
-12000	 6000	 1050	 1550	 0	 0	 0	  0.3453	 2
12000	 -6000	 1050	 300	 1	 0	 1	  0.3345	 2
12000	 -6000	 1050	 1800	 1	 0	 0	  0.3751	 2
-12000	 6000	 1050	 550	 0	 0	 1	  0.6160	 2
6000	 -12000	 1050	 550	 0	 1	 0	  0.1385	 1
-12000	 12000	 1050	 1050	 0	 0	 1	  0.1530	 2
12000	 -12000	 1050	 1050	 0	 0	 0	  0.1516	 2
-6000	 6000	 1050	 550	 1	 0	 1	  1.3919	 2
12000	 -6000	 1050	 550	 0	 1	 1	  0.4500	 1
6000	 -12000	 1050	 1800	 0	 1	 0	  0.3941	 2
-12000	 12000	 1050	 1800	 1	 0	 1	  2.0291	 1
-6000	 6000	 1050	 300	 0	 0	 0	  0.4511	 2
12000	 -6000	 1050	 1050	 1	 0	 0	  0.8024	 1
12000	 -6000	 1050	 800	 0	 0	 0	  2.4845	 1
-12000	 6000	 1050	 300	 0	 1	 1	  1.2801	 2
12000	 -12000	 1050	 800	 1	 0	 0	  0.3385	 1
6000	 -6000	 1050	 800	 1	 0	 0	  2.2987	 2
6000	 -6000	 1050	 1550	 0	 0	 0	  0.2637	 1
-12000	 6000	 1050	 550	 1	 0	 0	  0.9474	 1
-12000	 12000	 1050	 800	 1	 0	 1	  0.4657	 2
-12000	 6000	 1050	 1550	 1	 0	 1	  1.6970	 1
12000	 -6000	 1050	 800	 1	 0	 0	  0.0781	 1
-12000	 6000	 1050	 1300	 0	 1	 1	  0.4223	 1
-6000	 6000	 1050	 800	 1	 0	 0	  0.3445	 1
-12000	 6000	 1050	 1800	 0	 1	 1	  0.4810	 1
6000	 -12000	 1050	 800	 0	 0	 1	  0.3393	 2
-12000	 6000	 1050	 800	 0	 0	 1	  1.4984	 1
-6000	 12000	 1050	 550	 1	 0	 1	  0.3527	 2
6000	 -6000	 1050	 1550	 0	 1	 0	  0.1905	 2
12000	 -6000	 1050	 550	 0	 1	 0	  0.4156	 1
-6000	 6000	 1050	 800	 0	 0	 1	  0.5226	 2
12000	 -12000	 1050	 1050	 1	 0	 0	  0.5731	 1
-6000	 6000	 1050	 300	 0	 0	 0	  0.4234	 1
-6000	 12000	 1050	 1050	 0	 0	 0	  0.3342	 1
6000	 -6000	 1050	 1800	 1	 0	 0	  0.5668	 2
12000	 -12000	 1050	 800	 0	 1	 1	  0.3013	 1
-12000	 12000	 1050	 800	 0	 0	 0	  1.1629	 2
6000	 -6000	 1050	 1550	 1	 0	 1	  0.4510	 1
6000	 -12000	 1050	 1050	 0	 0	 0	  1.2260	 2
-6000	 12000	 1050	 300	 1	 0	 1	  0.5800	 2
12000	 -12000	 1050	 550	 0	 0	 0	  0.5084	 1
-6000	 12000	 1050	 1550	 1	 0	 1	  0.6267	 1
-12000	 12000	 1050	 1550	 0	 1	 1	  0.2949	 1
-6000	 6000	 1050	 1050	 0	 0	 1	  0.6197	 1
-12000	 12000	 1050	 800	 0	 1	 0	  1.5955	 2
12000	 -12000	 1050	 550	 0	 0	 1	  0.5309	 2
6000	 -6000	 1050	 300	 0	 0	 0	  0.3465	 1
6000	 -12000	 1050	 300	 0	 1	 1	  0.3890	 1
-12000	 6000	 1050	 550	 1	 0	 0	  0.2936	 1
6000	 -12000	 1050	 1300	 1	 0	 1	  1.1775	 2
12000	 -12000	 1050	 800	 1	 0	 0	  2.5173	 1
6000	 -12000	 1050	 550	 0	 1	 1	  0.2454	 1
6000	 -12000	 1050	 1800	 1	 0	 0	  0.6637	 1
-12000	 12000	 1050	 300	 1	 0	 0	  0.0360	 1
-12000	 12000	 1050	 550	 0	 1	 1	  0.3112	 1
-6000	 12000	 1050	 1300	 0	 0	 0	  1.2032	 2
-12000	 6000	 1050	 1550	 0	 1	 0	  0.2504	 2
-12000	 12000	 1050	 1050	 0	 1	 1	  0.3464	 1
-12000	 12000	 1050	 300	 1	 0	 0	  1.3299	 1
6000	 -12000	 1050	 1300	 0	 0	 0	  0.3506	 2
6000	 -6000	 1050	 300	 0	 1	 0	  0.5527	 1
12000	 -12000	 1050	 1300	 0	 0	 1	  1.4268	 2
-6000	 12000	 1050	 300	 0	 1	 1	  1.4520	 2
6000	 -6000	 1050	 1050	 1	 0	 0	  1.1661	 2
6000	 -6000	 1050	 550	 0	 0	 1	  0.2655	 2
12000	 -12000	 1050	 1300	 0	 0	 0	  0.2547	 2
12000	 -6000	 1050	 800	 0	 1	 0	  0.2685	 2
-12000	 12000	 1050	 1800	 0	 0	 1	  0.2571	 1
-12000	 6000	 1050	 1300	 1	 0	 0	  1.0280	 1
6000	 -6000	 1050	 800	 0	 0	 1	  0.5842	 1
-12000	 6000	 1050	 1300	 0	 0	 0	  0.3140	 2
-6000	 12000	 1050	 1550	 0	 0	 0	  0.2659	 2
12000	 -6000	 1050	 1050	 0	 0	 1	  0.0931	 2
6000	 -6000	 1050	 550	 1	 0	 0	  0.0135	 1
-6000	 6000	 1050	 300	 0	 1	 0	  1.2500	 1
12000	 -6000	 1050	 800	 1	 0	 1	  1.2288	 2
-6000	 6000	 1050	 1800	 0	 1	 0	  0.2863	 2
6000	 -12000	 1050	 1050	 0	 1	 1	  0.3420	 2
6000	 -12000	 1050	 550	 1	 0	 1	  0.3251	 2
-6000	 6000	 1050	 300	 1	 0	 0	  0.3386	 1
-6000	 6000	 1050	 1300	 1	 0	 1	  0.4753	 1
12000	 -6000	 1050	 1800	 0	 1	 0	  0.3299	 2
-6000	 12000	 1050	 550	 0	 1	 0	  0.3148	 1
6000	 -6000	 1050	 800	 0	 1	 1	  0.6407	 1
-6000	 12000	 1050	 1050	 0	 1	 0	  1.4783	 2
-12000	 6000	 1050	 550	 0	 0	 0	  0.3100	 1
-12000	 12000	 1050	 550	 0	 0	 0	  0.2661	 1
6000	 -6000	 1050	 1300	 0	 1	 0	  0.2676	 2
12000	 -6000	 1050	 1300	 1	 0	 0	  0.6133	 1
-12000	 12000	 1050	 1550	 0	 0	 1	  0.5889	 1
6000	 -12000	 1050	 300	 1	 0	 1	  0.2841	 2
-12000	 6000	 1050	 1050	 1	 0	 0	  1.3283	 2
-6000	 12000	 1050	 1800	 0	 1	 0	  1.8115	 2
-6000	 12000	 1050	 300	 0	 1	 0	  0.1455	 1
12000	 -6000	 1050	 800	 0	 1	 0	  0.4588	 2
-12000	 12000	 1050	 1800	 0	 1	 1	  0.4056	 1
-6000	 6000	 1050	 1800	 0	 1	 1	  0.2666	 1
-6000	 12000	 1050	 1550	 0	 1	 0	  0.4053	 2
-6000	 6000	 1050	 1800	 0	 0	 1	  0.2025	 1
-12000	 6000	 1050	 1300	 0	 0	 1	  0.4451	 1
-12000	 6000	 1050	 550	 0	 1	 0	  0.3268	 2
-12000	 6000	 1050	 300	 1	 0	 1	  0.3107	 2
6000	 -6000	 1050	 300	 0	 0	 1	  0.3264	 1
-6000	 12000	 1050	 1050	 1	 0	 0	  0.2975	 1
6000	 -12000	 1050	 1550	 0	 0	 1	  0.2933	 1
6000	 -6000	 1050	 1550	 0	 1	 1	  0.3531	 1
12000	 -12000	 1050	 550	 1	 0	 1	  0.3458	 2
6000	 -6000	 1050	 1300	 1	 0	 0	  0.6870	 2
6000	 -6000	 1050	 1300	 1	 0	 0	  0.2472	 2
6000	 -6000	 1050	 300	 0	 1	 1	  0.2627	 2
6000	 -12000	 1050	 1300	 0	 0	 0	  0.2561	 2
12000	 -6000	 1050	 300	 0	 1	 1	  0.2675	 2
6000	 -6000	 1050	 1550	 1	 0	 0	  0.3568	 1
12000	 -12000	 1050	 300	 0	 1	 0	  1.9125	 2
-6000	 6000	 1050	 1550	 1	 0	 0	  0.3421	 2
-12000	 12000	 1050	 550	 1	 0	 1	  0.2909	 1
6000	 -6000	 1050	 800	 0	 1	 0	  0.3275	 2
-6000	 6000	 1050	 1050	 1	 0	 0	  0.2983	 1
-12000	 12000	 1050	 1800	 1	 0	 1	  1.2138	 1
-6000	 6000	 1050	 1050	 1	 0	 1	  0.3227	 2
6000	 -6000	 1050	 1800	 1	 0	 1	  0.3712	 1
-12000	 6000	 1050	 1300	 0	 1	 0	  0.3875	 2
12000	 -12000	 1050	 550	 0	 1	 0	  0.3547	 1
6000	 -6000	 1050	 550	 0	 1	 0	  0.3453	 2
-12000	 12000	 1050	 550	 0	 0	 1	  0.8228	 1
6000	 -12000	 1050	 1050	 0	 1	 0	  0.3565	 2
-6000	 6000	 1050	 1050	 0	 1	 1	  0.3587	 1
-6000	 12000	 1050	 1300	 1	 0	 0	  0.4627	 1
-12000	 12000	 1050	 800	 0	 1	 1	  1.0550	 1
6000	 -12000	 1050	 1300	 0	 0	 1	  0.3332	 1
-12000	 12000	 1050	 300	 0	 0	 1	  0.4171	 2
-12000	 12000	 1050	 550	 0	 1	 0	  0.1547	 2
-6000	 6000	 1050	 300	 1	 0	 1	  0.4480	 2
6000	 -6000	 1050	 1800	 0	 1	 0	  0.4108	 2
12000	 -12000	 1050	 550	 1	 0	 0	  0.2823	 1
12000	 -12000	 1050	 1800	 1	 0	 1	  0.5871	 1
-12000	 6000	 1050	 300	 1	 0	 0	  1.0668	 1
6000	 -12000	 1050	 1300	 1	 0	 1	  0.4260	 1
6000	 -6000	 1050	 550	 1	 0	 1	  0.4340	 2
12000	 -6000	 1050	 800	 0	 1	 1	  0.3802	 1
-12000	 6000	 1050	 550	 0	 0	 0	  0.2777	 1
-6000	 6000	 1050	 800	 1	 0	 1	  0.4621	 2
-6000	 12000	 1050	 1050	 0	 1	 0	  0.2955	 2
6000	 -6000	 1050	 300	 1	 0	 0	  0.4348	 1
6000	 -12000	 1050	 1800	 0	 0	 0	  0.5547	 2
6000	 -6000	 1050	 300	 0	 0	 1	  1.0646	 2
12000	 -12000	 1050	 1550	 0	 1	 0	  0.3441	 2
-6000	 12000	 1050	 1300	 0	 1	 0	  1.8920	 2
-12000	 12000	 1050	 1050	 0	 0	 0	  0.0312	 1
12000	 -12000	 1050	 300	 1	 0	 1	  0.2981	 2
12000	 -12000	 1050	 800	 0	 1	 0	  0.3377	 2
12000	 -12000	 1050	 800	 0	 0	 1	  0.4411	 1
6000	 -6000	 1050	 1050	 0	 0	 0	  0.1787	 1
12000	 -12000	 1050	 1300	 1	 0	 1	  3.3058	 1
6000	 -12000	 1050	 1800	 0	 1	 0	  0.2932	 2
12000	 -6000	 1050	 800	 0	 0	 1	  0.7730	 1
12000	 -12000	 1050	 1550	 0	 0	 0	  0.1711	 2
6000	 -12000	 1050	 300	 1	 0	 0	  0.2847	 1
-6000	 12000	 1050	 1800	 0	 0	 1	  0.3424	 1
-12000	 6000	 1050	 800	 0	 1	 1	  1.0102	 1
12000	 -6000	 1050	 1550	 0	 0	 0	  0.5910	 2
12000	 -12000	 1050	 1550	 1	 0	 0	  0.6076	 2
-12000	 12000	 1050	 550	 0	 0	 1	  0.3632	 2
-12000	 12000	 1050	 1050	 1	 0	 0	  0.5243	 1
6000	 -12000	 1050	 550	 0	 1	 1	  1.8142	 1
6000	 -12000	 1050	 800	 0	 1	 1	  0.2412	 1
-12000	 6000	 1050	 1550	 0	 1	 0	  0.4654	 2
-12000	 6000	 1050	 800	 0	 1	 0	  0.5329	 1
-6000	 6000	 1050	 550	 0	 1	 1	  1.0999	 1
6000	 -12000	 1050	 300	 0	 0	 1	  0.4870	 2
6000	 -6000	 1050	 550	 0	 0	 0	  0.2557	 1
6000	 -12000	 1050	 1550	 1	 0	 0	  0.6046	 2
6000	 -6000	 1050	 300	 1	 0	 1	  0.3001	 2
-6000	 12000	 1050	 300	 1	 0	 0	  0.3804	 1
6000	 -12000	 1050	 800	 0	 1	 0	  0.8802	 2
12000	 -12000	 1050	 1300	 1	 0	 1	  0.6873	 1
-6000	 6000	 1050	 300	 0	 1	 0	  3.4842	 2
12000	 -6000	 1050	 300	 0	 0	 0	  1.4577	 1
-6000	 12000	 1050	 1800	 0	 1	 0	  0.3888	 2
6000	 -12000	 1050	 1550	 0	 1	 1	  0.8526	 2
-12000	 6000	 1050	 1800	 1	 0	 1	  0.5791	 1
6000	 -12000	 1050	 800	 0	 0	 0	  0.2274	 1
-12000	 12000	 1050	 1550	 0	 1	 0	  0.3486	 2
12000	 -12000	 1050	 1800	 0	 0	 0	  4.4160	 1
-12000	 12000	 1050	 1550	 1	 0	 1	  0.3658	 1
-6000	 12000	 1050	 1300	 0	 1	 0	  0.5038	 2
-12000	 6000	 1050	 300	 0	 0	 0	  0.4154	 1
6000	 -12000	 1050	 800	 0	 1	 0	  0.3019	 2
-12000	 12000	 1050	 1050	 0	 0	 0	  0.3522	 1
12000	 -6000	 1050	 1800	 1	 0	 1	  0.2317	 1
-6000	 12000	 1050	 800	 1	 0	 0	  0.1870	 1
-6000	 6000	 1050	 1300	 0	 0	 0	  0.2905	 1
-6000	 12000	 1050	 800	 1	 0	 0	  0.5294	 1
-6000	 6000	 1050	 800	 0	 1	 0	  0.3288	 2
12000	 -12000	 1050	 300	 0	 0	 0	  0.3953	 1
12000	 -6000	 1050	 1050	 0	 0	 0	  0.8800	 2
-6000	 6000	 1050	 1550	 0	 1	 0	  0.3328	 2
6000	 -6000	 1050	 800	 0	 0	 0	  0.6890	 1
-12000	 6000	 1050	 1550	 1	 0	 1	  0.4698	 1
-12000	 6000	 1050	 1050	 0	 0	 0	  1.1070	 1
-12000	 12000	 1050	 1800	 0	 0	 1	  0.2693	 1
-12000	 6000	 1050	 800	 0	 1	 0	  0.4457	 2
6000	 -12000	 1050	 1800	 1	 0	 1	  0.5277	 1
12000	 -6000	 1050	 1800	 0	 0	 1	  0.3469	 1
12000	 -6000	 1050	 1050	 0	 1	 1	  2.9850	 2
12000	 -6000	 1050	 800	 1	 0	 1	  0.2491	 2
6000	 -6000	 1050	 300	 1	 0	 0	  0.2594	 1
-12000	 6000	 1050	 300	 0	 0	 1	  0.2824	 2
6000	 -6000	 1050	 800	 1	 0	 1	  0.3216	 2
12000	 -12000	 1050	 1800	 0	 0	 1	  0.3990	 2
-12000	 12000	 1050	 1800	 0	 1	 0	  0.4918	 2
-6000	 6000	 1050	 550	 0	 0	 0	  0.5386	 2
12000	 -12000	 1050	 1550	 0	 1	 1	  0.3280	 1
12000	 -12000	 1050	 800	 0	 0	 0	  0.2793	 1
-6000	 6000	 1050	 1550	 1	 0	 1	  0.2787	 2
-12000	 12000	 1050	 1300	 0	 1	 0	  0.2664	 2
6000	 -12000	 1050	 1050	 1	 0	 1	  0.8648	 2
-12000	 12000	 1050	 1300	 0	 0	 0	  0.3271	 2
6000	 -12000	 1050	 1300	 0	 1	 0	  0.3782	 2
-12000	 12000	 1050	 800	 1	 0	 0	  0.5560	 1
-12000	 12000	 1050	 1300	 1	 0	 0	  1.0357	 1
-12000	 6000	 1050	 1050	 0	 1	 1	  0.0870	 1
-6000	 12000	 1050	 550	 1	 0	 0	  1.4381	 1
12000	 -6000	 1050	 550	 1	 0	 1	  1.3376	 2
-6000	 12000	 1050	 1050	 0	 0	 1	  1.0865	 2
-6000	 6000	 1050	 300	 0	 0	 1	  0.0099	 2
12000	 -6000	 1050	 550	 0	 0	 0	  0.3167	 1
-12000	 12000	 1050	 1800	 1	 0	 0	  0.3846	 2
6000	 -12000	 1050	 800	 0	 0	 0	  0.3525	 1
12000	 -6000	 1050	 1300	 1	 0	 1	  0.3922	 1
-6000	 6000	 1050	 1050	 0	 1	 1	  1.7622	 2
12000	 -6000	 1050	 1050	 0	 1	 0	  0.3982	 2
-6000	 6000	 1050	 1800	 1	 0	 1	  0.3669	 2
12000	 -6000	 1050	 550	 0	 0	 1	  0.2070	 1
6000	 -6000	 1050	 1300	 1	 0	 1	  0.3529	 1
-12000	 6000	 1050	 300	 1	 0	 1	  0.2487	 2
-6000	 12000	 1050	 1300	 0	 0	 1	  0.2403	 1
-12000	 12000	 1050	 300	 1	 0	 1	  0.3443	 2
12000	 -6000	 1050	 1550	 0	 1	 0	  0.3283	 2
-6000	 6000	 1050	 550	 0	 1	 0	  0.3935	 1
6000	 -6000	 1050	 1050	 1	 0	 1	  0.7473	 2
-6000	 12000	 1050	 800	 0	 0	 1	  0.3541	 2
6000	 -12000	 1050	 1550	 0	 1	 0	  0.4248	 2
-6000	 6000	 1050	 1800	 1	 0	 0	  0.3272	 2
12000	 -12000	 1050	 1050	 0	 1	 1	  0.3383	 1
6000	 -6000	 1050	 1050	 0	 1	 1	  0.2367	 1
-6000	 6000	 1050	 800	 0	 1	 1	  0.3679	 1
12000	 -6000	 1050	 550	 0	 0	 0	  0.0901	 1
-6000	 12000	 1050	 1800	 0	 1	 1	  0.1760	 1
-6000	 12000	 1050	 1300	 0	 1	 1	  0.2449	 1
-6000	 12000	 1050	 1800	 1	 0	 1	  3.1967	 1
6000	 -12000	 1050	 300	 1	 0	 0	  0.5638	 1
-6000	 12000	 1050	 1050	 0	 0	 0	  0.3574	 1
-12000	 6000	 1050	 1050	 1	 0	 1	  0.2949	 1
12000	 -12000	 1050	 300	 0	 1	 1	  0.8290	 1
-6000	 12000	 1050	 1050	 0	 0	 1	  0.3762	 2
12000	 -6000	 1050	 1550	 0	 1	 1	  0.2790	 1
12000	 -6000	 1050	 1050	 1	 0	 0	  0.4915	 1
-6000	 6000	 1050	 550	 0	 0	 0	  0.3077	 1
12000	 -12000	 1050	 300	 0	 0	 1	  0.2378	 2
12000	 -12000	 1050	 1300	 0	 1	 0	  1.5780	 2
6000	 -12000	 1050	 550	 0	 0	 0	  0.3073	 1
-12000	 6000	 1050	 1800	 0	 1	 0	  0.3358	 2
12000	 -12000	 1050	 300	 0	 0	 1	  0.3246	 2
-6000	 12000	 1050	 1300	 1	 0	 1	  1.2224	 1
-6000	 12000	 1050	 300	 0	 0	 1	  0.3352	 2
12000	 -6000	 1050	 1550	 0	 1	 0	  0.2857	 2
12000	 -12000	 1050	 1050	 0	 1	 0	  0.5565	 2
6000	 -12000	 1050	 1050	 0	 0	 1	  1.2209	 1
6000	 -12000	 1050	 300	 0	 1	 0	  1.4129	 1
-12000	 6000	 1050	 800	 1	 0	 0	  0.3832	 1
-12000	 6000	 1050	 550	 1	 0	 1	  0.3492	 2
12000	 -6000	 1050	 800	 0	 1	 1	  0.3427	 1
6000	 -12000	 1050	 800	 1	 0	 1	  0.7706	 2
-6000	 6000	 1050	 800	 0	 0	 0	  0.3625	 1
-12000	 6000	 1050	 1050	 1	 0	 0	  0.2375	 1
-6000	 12000	 1050	 1300	 0	 0	 0	  0.3090	 2
-6000	 12000	 1050	 1300	 0	 1	 1	  0.3027	 1
-12000	 6000	 1050	 1800	 0	 0	 0	  2.4516	 1
-6000	 6000	 1050	 1300	 1	 0	 1	  0.6492	 1
12000	 -6000	 1050	 1800	 0	 0	 1	  0.4005	 1
-6000	 6000	 1050	 1550	 0	 0	 0	  1.8827	 2
-12000	 6000	 1050	 1800	 1	 0	 1	  2.1067	 1
12000	 -12000	 1050	 300	 0	 0	 0	  0.6584	 1
6000	 -6000	 1050	 1050	 0	 0	 0	  0.6534	 2
-12000	 12000	 1050	 1300	 0	 1	 1	  0.2658	 1
12000	 -6000	 1050	 1050	 1	 0	 1	  0.8258	 2
6000	 -12000	 1050	 550	 1	 0	 1	  0.3143	 2
-12000	 12000	 1050	 1300	 1	 0	 1	  0.2743	 1
6000	 -12000	 1050	 550	 0	 0	 1	  0.6135	 1
-12000	 12000	 1050	 1550	 1	 0	 0	  0.9720	 2
12000	 -12000	 1050	 1050	 1	 0	 0	  0.2889	 1
6000	 -12000	 1050	 1550	 0	 0	 1	  0.8626	 1
-6000	 6000	 1050	 1800	 0	 0	 0	  0.3761	 2
12000	 -12000	 1050	 1050	 1	 0	 1	  0.4879	 1
-6000	 12000	 1050	 1800	 1	 0	 0	  0.6318	 2
6000	 -6000	 1050	 800	 1	 0	 0	  0.9908	 2
-6000	 6000	 1050	 800	 0	 0	 1	  0.7495	 1
6000	 -6000	 1050	 550	 0	 1	 0	  0.4123	 2
12000	 -6000	 1050	 300	 1	 0	 1	  0.2662	 2
6000	 -12000	 1050	 550	 0	 1	 0	  1.6905	 1
6000	 -6000	 1050	 1050	 0	 1	 0	  0.3241	 2
-12000	 12000	 1050	 1300	 1	 0	 1	  2.8388	 1
12000	 -12000	 1050	 300	 0	 1	 1	  1.0854	 2
-12000	 6000	 1050	 1550	 1	 0	 0	  1.2463	 2
12000	 -6000	 1050	 1050	 1	 0	 1	  0.2005	 1
-6000	 6000	 1050	 300	 0	 1	 1	  0.3657	 2
6000	 -12000	 1050	 1550	 1	 0	 1	  0.4032	 1
6000	 -12000	 1050	 1550	 0	 1	 0	  0.3731	 2
12000	 -12000	 1050	 800	 0	 0	 0	  0.5048	 1
-6000	 6000	 1050	 1550	 0	 0	 1	  0.2881	 1
6000	 -12000	 1050	 800	 1	 0	 1	  0.7390	 1
6000	 -6000	 1050	 1800	 0	 0	 1	  0.8170	 2
-6000	 12000	 1050	 550	 1	 0	 1	  1.1632	 2
-12000	 12000	 1050	 1300	 0	 1	 0	  0.3091	 2
-12000	 12000	 1050	 550	 1	 0	 0	  0.2489	 1
-6000	 12000	 1050	 550	 0	 0	 1	  0.5035	 1
6000	 -12000	 1050	 1050	 1	 0	 0	  1.3180	 1
-6000	 6000	 1050	 1550	 0	 1	 0	  0.3471	 2
-6000	 12000	 1050	 800	 0	 0	 1	  0.5292	 2
12000	 -12000	 1050	 1800	 0	 0	 0	  0.3199	 2
-12000	 6000	 1050	 1050	 0	 0	 0	  1.1434	 1
-6000	 12000	 1050	 800	 0	 1	 1	  0.6598	 1
-12000	 12000	 1050	 1800	 0	 0	 0	  0.3060	 2
-12000	 12000	 1050	 1550	 0	 1	 1	  0.3049	 1
6000	 -12000	 1050	 1050	 0	 0	 1	  0.2519	 1
6000	 -6000	 1050	 1300	 0	 1	 1	  0.6250	 1
6000	 -6000	 1050	 1800	 0	 0	 1	  0.9799	 1
-12000	 12000	 1050	 300	 0	 0	 0	  0.9292	 1
12000	 -6000	 1050	 1050	 0	 1	 1	  0.4022	 1
6000	 -6000	 1050	 300	 0	 1	 0	  2.4113	 1
-12000	 12000	 1050	 1050	 1	 0	 1	  0.3109	 2
12000	 -6000	 1050	 1300	 1	 0	 0	  1.2693	 2
-6000	 6000	 1050	 1050	 0	 0	 1	  0.4688	 1
12000	 -12000	 1050	 300	 0	 1	 0	  0.3142	 1
6000	 -6000	 1050	 800	 0	 0	 0	  0.3009	 2
12000	 -12000	 1050	 1800	 0	 1	 0	  0.4996	 2
12000	 -12000	 1050	 1550	 1	 0	 1	  0.8224	 1
6000	 -6000	 1050	 300	 1	 0	 1	  0.4197	 2
-6000	 6000	 1050	 1050	 0	 1	 0	  1.3420	 2
12000	 -12000	 1050	 550	 1	 0	 0	  0.2688	 1
-12000	 6000	 1050	 300	 1	 0	 0	  0.2430	 1
-12000	 12000	 1050	 800	 0	 0	 0	  0.4952	 1
6000	 -12000	 1050	 1800	 0	 1	 1	  0.2735	 1
-6000	 6000	 1050	 1300	 0	 1	 1	  0.2811	 1
-6000	 6000	 1050	 1800	 0	 1	 0	  1.1404	 2
-12000	 6000	 1050	 1800	 0	 0	 1	  0.4722	 1
6000	 -12000	 1050	 1550	 1	 0	 1	  0.8461	 1
-6000	 6000	 1050	 1300	 0	 0	 0	  0.3693	 2
-6000	 6000	 1050	 1550	 0	 0	 1	  0.2477	 1
12000	 -12000	 1050	 1050	 0	 0	 1	  0.3825	 1
12000	 -6000	 1050	 1800	 1	 0	 0	  0.4371	 2
12000	 -6000	 1050	 1050	 0	 0	 0	  1.0927	 1
-12000	 6000	 1050	 1300	 1	 0	 1	  0.2850	 1
-6000	 6000	 1050	 300	 0	 0	 1	  0.2938	 2
-12000	 6000	 1050	 1550	 0	 0	 1	  0.3922	 1
6000	 -6000	 1050	 1800	 0	 1	 0	  0.3301	 2
12000	 -12000	 1050	 1050	 0	 1	 1	  0.2524	 1
12000	 -12000	 1050	 1800	 0	 1	 1	  0.2617	 1
12000	 -12000	 1050	 1300	 0	 1	 0	  0.3618	 2
-12000	 6000	 1050	 300	 0	 0	 0	  0.9653	 1
6000	 -6000	 1050	 1550	 0	 1	 0	  0.3260	 2
12000	 -12000	 1050	 1550	 0	 0	 0	  0.2986	 2
-12000	 12000	 1050	 800	 0	 1	 1	  0.2059	 1
6000	 -6000	 1050	 1550	 0	 0	 1	  0.2784	 1
12000	 -12000	 1050	 1800	 1	 0	 0	  0.4240	 2
12000	 -6000	 1050	 1550	 1	 0	 0	  0.3538	 2
6000	 -6000	 1050	 550	 0	 0	 1	  0.6582	 2
12000	 -12000	 1050	 800	 1	 0	 1	  3.8149	 1
-6000	 12000	 1050	 1550	 0	 0	 1	  1.6114	 1
6000	 -12000	 1050	 800	 0	 1	 1	  0.4380	 1
-6000	 6000	 1050	 550	 0	 0	 1	  0.2849	 2
-12000	 6000	 1050	 1300	 0	 1	 0	  0.3804	 2
6000	 -12000	 1050	 1300	 0	 1	 0	  0.5252	 2
12000	 -12000	 1050	 300	 1	 0	 1	  0.6955	 2
6000	 -6000	 1050	 1550	 0	 0	 1	  0.2617	 1
6000	 -12000	 1050	 300	 0	 1	 1	  1.0219	 1
-6000	 6000	 1050	 1550	 0	 1	 1	  0.3220	 1
-12000	 12000	 1050	 1800	 1	 0	 0	  0.4974	 1
-12000	 6000	 1050	 1300	 0	 0	 1	  0.2483	 1
12000	 -12000	 1050	 1800	 0	 0	 1	  0.3462	 1
-12000	 6000	 1050	 1050	 0	 0	 1	  0.5625	 2
-6000	 12000	 1050	 550	 0	 0	 1	  0.3085	 2
12000	 -12000	 1050	 1050	 1	 0	 1	  0.3358	 2
-6000	 6000	 1050	 300	 1	 0	 1	  0.3408	 2
6000	 -12000	 1050	 550	 1	 0	 0	  0.2845	 1
-12000	 6000	 1050	 1050	 0	 1	 0	  0.8094	 1
-12000	 6000	 1050	 1050	 1	 0	 1	  0.8325	 2
6000	 -12000	 1050	 800	 0	 0	 1	  0.2789	 2
-6000	 12000	 1050	 1050	 1	 0	 1	  0.4165	 2
6000	 -12000	 1050	 1800	 0	 0	 1	  0.3322	 1
-6000	 6000	 1050	 550	 0	 0	 1	  0.2577	 2
-12000	 12000	 1050	 1800	 0	 1	 0	  0.3066	 2
6000	 -12000	 1050	 1050	 1	 0	 0	  0.8183	 1
12000	 -12000	 1050	 1800	 1	 0	 1	  0.2721	 1
6000	 -6000	 1050	 1800	 0	 0	 0	  0.2592	 2
-12000	 6000	 1050	 1550	 0	 0	 0	  0.2623	 2
12000	 -6000	 1050	 1800	 0	 0	 0	  0.2551	 2
6000	 -12000	 1050	 300	 0	 1	 0	  0.5589	 1
6000	 -12000	 1050	 550	 1	 0	 0	  0.4050	 1
-12000	 12000	 1050	 1550	 0	 0	 1	  0.6586	 1
6000	 -6000	 1050	 1550	 0	 0	 0	  0.3851	 2
-6000	 12000	 1050	 550	 0	 0	 0	  0.3375	 1
-6000	 6000	 1050	 300	 1	 0	 0	  0.4281	 1
-6000	 6000	 1050	 1550	 0	 1	 1	  0.4973	 1
12000	 -6000	 1050	 300	 0	 0	 1	  0.3274	 2
6000	 -12000	 1050	 1300	 0	 1	 1	  0.2981	 1
-6000	 6000	 1050	 1800	 1	 0	 0	  0.2823	 2
6000	 -12000	 1050	 1300	 1	 0	 0	  0.8253	 2
-12000	 12000	 1050	 1550	 1	 0	 1	  0.1499	 1
6000	 -6000	 1050	 1300	 0	 1	 1	  0.2401	 1
-12000	 12000	 1050	 800	 0	 1	 0	  0.3246	 2
12000	 -6000	 1050	 300	 0	 0	 1	  0.2564	 2
-6000	 12000	 1050	 1550	 1	 0	 0	  1.0659	 2
-6000	 12000	 1050	 1800	 0	 0	 0	  0.3206	 2
-12000	 6000	 1050	 1800	 0	 1	 0	  0.3495	 2
-12000	 12000	 1050	 1800	 0	 1	 1	  0.2479	 1
12000	 -6000	 1050	 300	 1	 0	 0	  0.2276	 1
6000	 -6000	 1050	 1050	 0	 0	 1	  0.2662	 2
6000	 -12000	 1050	 1050	 1	 0	 1	  0.2509	 2
6000	 -6000	 1050	 1050	 0	 0	 1	  2.1224	 1
12000	 -12000	 1050	 1550	 0	 1	 0	  0.3771	 2
6000	 -6000	 1050	 550	 1	 0	 0	  0.3053	 1
-12000	 6000	 1050	 1050	 0	 1	 1	  1.9140	 1
-6000	 12000	 1050	 1050	 0	 1	 1	  0.2844	 1
-6000	 12000	 1050	 550	 0	 1	 0	  0.1876	 2
-6000	 6000	 1050	 800	 0	 1	 1	  0.6133	 2
6000	 -12000	 1050	 1300	 0	 0	 1	  0.1187	 1
12000	 -12000	 1050	 1550	 1	 0	 0	  0.4129	 2
12000	 -12000	 1050	 1300	 0	 1	 1	  0.1887	 1
12000	 -12000	 1050	 550	 0	 1	 1	  1.3132	 2
12000	 -6000	 1050	 800	 0	 0	 0	  0.8466	 1
12000	 -12000	 1050	 1550	 0	 0	 1	  0.3536	 1
12000	 -6000	 1050	 300	 1	 0	 0	  0.5569	 1
-6000	 6000	 1050	 550	 0	 1	 1	  0.3441	 2
-6000	 6000	 1050	 300	 0	 1	 1	  0.3887	 2
12000	 -6000	 1050	 1800	 0	 1	 0	  1.0463	 2
12000	 -12000	 1050	 1550	 0	 1	 1	  0.3039	 1
-6000	 6000	 1050	 1800	 1	 0	 1	  0.3385	 2
12000	 -6000	 1050	 550	 0	 1	 1	  0.2296	 1
12000	 -6000	 1050	 1550	 0	 0	 1	  0.2094	 1
-6000	 12000	 1050	 800	 1	 0	 1	  0.2979	 2
-12000	 6000	 1050	 1550	 0	 1	 1	  0.2796	 1
6000	 -12000	 1050	 1800	 0	 1	 1	  0.3263	 1
6000	 -12000	 1050	 1800	 0	 0	 1	  0.5299	 1
12000	 -6000	 1050	 1050	 0	 1	 0	  0.2698	 2
12000	 -12000	 1050	 1050	 0	 0	 1	  0.3158	 2
6000	 -12000	 1050	 1800	 0	 0	 0	  0.3161	 2
12000	 -12000	 1050	 1300	 1	 0	 0	  0.3061	 2
12000	 -12000	 1050	 1300	 0	 0	 1	  0.1831	 2
12000	 -12000	 1050	 800	 0	 1	 0	  2.0870	 2
6000	 -12000	 1050	 800	 1	 0	 0	  0.2146	 1
-12000	 12000	 1050	 1550	 1	 0	 0	  0.2731	 2
12000	 -6000	 1050	 1300	 0	 1	 1	  0.4846	 1
-12000	 12000	 1050	 300	 0	 0	 0	  0.2935	 1
6000	 -6000	 1050	 550	 0	 0	 0	  0.2906	 1
-12000	 6000	 1050	 550	 0	 1	 1	  0.3776	 2
-12000	 6000	 1050	 300	 0	 1	 0	  0.3402	 1
-6000	 12000	 1050	 300	 0	 0	 0	  0.2567	 1
-6000	 6000	 1050	 1550	 1	 0	 0	  0.4911	 2
12000	 -12000	 1050	 1800	 0	 1	 1	  0.3062	 1
-6000	 12000	 1050	 1550	 1	 0	 1	  0.3749	 1
6000	 -6000	 1050	 1300	 0	 0	 1	  0.4733	 1
6000	 -6000	 1050	 300	 0	 0	 0	  0.5235	 1
6000	 -6000	 1050	 1550	 0	 1	 1	  0.1316	 1
6000	 -12000	 1050	 1300	 0	 1	 1	  0.2669	 1
-6000	 12000	 1050	 800	 1	 0	 1	  0.3260	 2
-6000	 12000	 1050	 800	 0	 0	 0	  0.2560	 1
6000	 -12000	 1050	 1550	 0	 0	 0	  0.3065	 2
-12000	 12000	 1050	 1550	 0	 1	 0	  0.2637	 2
-6000	 12000	 1050	 550	 0	 0	 0	  0.3066	 1
-12000	 12000	 1050	 1050	 0	 1	 1	  1.4299	 2
12000	 -12000	 1050	 800	 0	 0	 1	  0.2952	 1
-12000	 12000	 1050	 1300	 0	 0	 1	  0.2812	 1
12000	 -6000	 1050	 1300	 0	 0	 0	  0.6743	 2
6000	 -6000	 1050	 1050	 0	 1	 0	  0.2952	 2
-6000	 6000	 1050	 800	 1	 0	 1	  0.4685	 2
12000	 -6000	 1050	 300	 0	 1	 1	  0.2604	 2
-12000	 6000	 1050	 1300	 0	 1	 1	  0.3001	 1
-12000	 12000	 1050	 300	 0	 1	 0	  0.4665	 1
-12000	 12000	 1050	 800	 1	 0	 0	  0.4518	 1
-6000	 6000	 1050	 1050	 1	 0	 0	  0.9027	 1
-6000	 6000	 1050	 1050	 0	 0	 0	  0.2429	 1
6000	 -12000	 1050	 1050	 0	 0	 0	  0.3493	 2
6000	 -6000	 1050	 1300	 0	 1	 0	  0.2916	 2
-6000	 12000	 1050	 800	 0	 1	 1	  0.2996	 1
-6000	 12000	 1050	 1550	 0	 1	 0	  0.2980	 2
-12000	 6000	 1050	 300	 0	 1	 0	  0.2828	 1
12000	 -6000	 1050	 800	 0	 0	 1	  1.3251	 1
-12000	 6000	 1050	 1550	 0	 0	 1	  1.0787	 1
-6000	 6000	 1050	 1300	 0	 1	 0	  0.3096	 2
-12000	 6000	 1050	 800	 1	 0	 1	  0.3887	 2
12000	 -12000	 1050	 800	 0	 1	 1	  0.4419	 1
-12000	 12000	 1050	 300	 1	 0	 1	  0.4699	 2
-12000	 12000	 1050	 300	 0	 1	 1	  0.1278	 2
-6000	 12000	 1050	 1550	 0	 0	 0	  0.3689	 2
-12000	 12000	 1050	 300	 0	 0	 1	  0.4470	 2
-6000	 6000	 1050	 1800	 0	 0	 1	  0.3685	 1
-12000	 12000	 1050	 1550	 0	 0	 0	  0.3406	 2
-6000	 12000	 1050	 300	 0	 1	 1	  0.5847	 1
12000	 -6000	 1050	 1300	 0	 0	 1	  0.4242	 1
-6000	 6000	 1050	 1300	 0	 0	 1	  0.0208	 1
12000	 -6000	 1050	 1300	 1	 0	 1	  0.5318	 2
-12000	 6000	 1050	 1050	 0	 1	 0	  0.3660	 2
12000	 -12000	 1050	 1550	 0	 0	 1	  0.1858	 1
6000	 -6000	 1050	 1800	 1	 0	 0	  0.3349	 2
-12000	 12000	 1050	 800	 0	 0	 1	  1.1204	 1
-6000	 12000	 1050	 1300	 1	 0	 1	  0.2925	 2
-6000	 6000	 1050	 1550	 0	 0	 0	  0.1795	 2
12000	 -6000	 1050	 1300	 0	 1	 0	  0.2987	 2
12000	 -6000	 1050	 550	 1	 0	 1	  0.1020	 2
-6000	 12000	 1050	 300	 0	 1	 0	  1.1957	 1
-6000	 12000	 1050	 300	 1	 0	 0	  0.2592	 1
-12000	 6000	 1050	 550	 0	 0	 1	  0.7493	 2
12000	 -6000	 1050	 1800	 1	 0	 1	  0.5831	 1
-12000	 12000	 1050	 1050	 1	 0	 0	  0.3382	 1
-6000	 12000	 1050	 1050	 1	 0	 0	  0.3277	 1
-6000	 6000	 1050	 550	 1	 0	 0	  0.3055	 1
-12000	 12000	 1050	 550	 0	 1	 0	  0.2604	 1
12000	 -6000	 1050	 300	 0	 1	 0	  0.3788	 1
12000	 -12000	 1050	 1050	 0	 1	 0	  0.3025	 2
-12000	 6000	 1050	 1800	 0	 1	 1	  0.3161	 1
12000	 -12000	 1050	 300	 1	 0	 0	  0.2688	 1
6000	 -6000	 1050	 800	 0	 1	 1	  1.2066	 2
6000	 -6000	 1050	 1300	 1	 0	 1	  0.3126	 2
6000	 -6000	 1050	 1550	 1	 0	 0	  0.6350	 2
-12000	 12000	 1050	 1550	 0	 0	 0	  0.1429	 2
6000	 -6000	 1050	 1050	 1	 0	 0	  0.2806	 1
-12000	 6000	 1050	 800	 0	 1	 1	  0.2267	 1
12000	 -6000	 1050	 1550	 1	 0	 0	  0.3069	 2
-12000	 6000	 1050	 1800	 1	 0	 0	  0.3636	 2
6000	 -6000	 1050	 1800	 0	 1	 1	  0.4591	 1
6000	 -12000	 1050	 1550	 1	 0	 0	  1.6981	 2
-6000	 6000	 1050	 1050	 1	 0	 1	  0.3336	 2
-12000	 12000	 1050	 1050	 1	 0	 1	  0.5859	 2
12000	 -6000	 1050	 550	 1	 0	 0	  1.5873	 1
6000	 -6000	 1050	 1300	 0	 0	 0	  0.8798	 2
6000	 -12000	 1050	 800	 1	 0	 0	  0.5307	 2
12000	 -12000	 1050	 1300	 1	 0	 0	  0.2496	 2
12000	 -12000	 1050	 550	 1	 0	 1	  0.2035	 2
-12000	 12000	 1050	 1300	 1	 0	 0	  0.8698	 2
-6000	 12000	 1050	 1550	 0	 0	 1	  0.4369	 1
-12000	 12000	 1050	 550	 1	 0	 0	  0.2365	 1
-6000	 12000	 1050	 800	 0	 0	 0	  0.3902	 1
6000	 -12000	 1050	 1800	 1	 0	 1	  0.3002	 1
12000	 -12000	 1050	 550	 0	 1	 1	  0.3487	 2
6000	 -6000	 1050	 300	 0	 1	 1	  1.1046	 2
-6000	 12000	 1050	 1800	 0	 0	 1	  0.2937	 1
12000	 -6000	 1050	 300	 0	 0	 0	  0.2098	 1
12000	 -6000	 1050	 800	 1	 0	 0	  0.7976	 2
-12000	 6000	 1050	 550	 1	 0	 1	  0.3364	 2
12000	 -12000	 1050	 1050	 0	 0	 0	  0.2195	 1
12000	 -6000	 1050	 1550	 0	 1	 1	  0.2426	 1
12000	 -6000	 1050	 1800	 0	 0	 0	  0.3448	 2
-12000	 6000	 1050	 800	 1	 0	 0	  0.3753	 1
-6000	 12000	 1050	 300	 0	 0	 0	  0.2047	 1
-12000	 12000	 1050	 550	 0	 0	 0	  0.3639	 1
-6000	 12000	 1050	 300	 1	 0	 1	  0.3815	 2
-12000	 6000	 1050	 300	 0	 0	 1	  0.3792	 2
12000	 -6000	 1050	 1300	 0	 0	 1	  0.2468	 1
-12000	 12000	 1050	 1300	 0	 1	 1	  0.2164	 1
6000	 -12000	 1050	 300	 0	 0	 0	  0.2753	 1
6000	 -6000	 1050	 550	 0	 1	 1	  0.2727	 1
-6000	 6000	 1050	 1300	 0	 0	 1	  0.4970	 1
6000	 -12000	 1050	 300	 0	 0	 0	  0.3897	 1
12000	 -6000	 1050	 550	 0	 0	 1	  0.3437	 2
6000	 -6000	 1050	 1050	 1	 0	 1	  1.7879	 2
6000	 -6000	 1050	 800	 0	 1	 0	  0.4143	 2
-12000	 6000	 1050	 800	 1	 0	 1	  0.6512	 2
-6000	 12000	 1050	 1050	 1	 0	 1	  0.3647	 2
-12000	 6000	 1050	 800	 0	 0	 0	  0.3451	 1
12000	 -12000	 1050	 800	 1	 0	 1	  2.5966	 1
6000	 -6000	 1050	 800	 0	 0	 1	  0.1373	 1
12000	 -6000	 1050	 300	 0	 1	 0	  0.3380	 1
-12000	 12000	 1050	 800	 1	 0	 1	  0.2640	 2
-6000	 6000	 1050	 550	 1	 0	 0	  0.3020	 1
-6000	 12000	 1050	 1800	 0	 1	 1	  0.2797	 1
12000	 -6000	 1050	 1800	 0	 1	 1	  0.7419	 1
-12000	 6000	 1050	 1300	 1	 0	 1	  0.4893	 1
-6000	 6000	 1050	 1800	 0	 1	 1	  0.2759	 1
-12000	 12000	 1050	 300	 0	 1	 0	  0.3420	 1
6000	 -12000	 1050	 1550	 0	 1	 1	  0.3358	 1
12000	 -6000	 1050	 1300	 0	 1	 1	  0.3137	 1
-6000	 12000	 1050	 1550	 0	 1	 1	  0.7456	 1
-6000	 12000	 1050	 550	 0	 1	 1	  0.3661	 2
