12000	 -6000	 1050	 1050	 0	 1	 0	  3.0085	 1
-12000	 6000	 1050	 1050	 1	 0	 1	  0.5353	 1
12000	 -6000	 1050	 1050	 0	 1	 0	  1.3967	 1
6000	 -12000	 1050	 1300	 0	 1	 1	  0.9250	 2
-6000	 6000	 1050	 1300	 0	 0	 0	  1.3941	 1
12000	 -12000	 1050	 300	 1	 0	 1	  1.3246	 2
-12000	 12000	 1050	 1300	 1	 0	 1	  1.2982	 1
12000	 -12000	 1050	 1050	 0	 1	 1	  2.1393	 1
6000	 -12000	 1050	 1300	 0	 0	 0	  1.3115	 2
-6000	 12000	 1050	 1800	 0	 1	 1	  0.3795	 1
-12000	 6000	 1050	 550	 1	 0	 0	  0.4655	 1
6000	 -12000	 1050	 1800	 0	 0	 0	  0.9033	 2
6000	 -12000	 1050	 1050	 1	 0	 0	  0.6577	 2
-6000	 6000	 1050	 300	 0	 1	 0	  0.3908	 1
6000	 -12000	 1050	 300	 1	 0	 1	  1.5245	 2
6000	 -12000	 1050	 550	 0	 0	 1	  1.1679	 1
-12000	 6000	 1050	 1800	 0	 0	 1	  0.3801	 1
6000	 -12000	 1050	 1800	 0	 0	 1	  1.2002	 2
12000	 -6000	 1050	 1050	 1	 0	 0	  1.7214	 1
6000	 -6000	 1050	 550	 0	 1	 1	  0.6256	 2
12000	 -6000	 1050	 550	 0	 1	 1	  0.8410	 2
12000	 -12000	 1050	 300	 0	 1	 1	  0.5558	 2
6000	 -6000	 1050	 1050	 0	 0	 1	  0.5076	 1
-6000	 6000	 1050	 1550	 1	 0	 1	  1.1480	 1
12000	 -12000	 1050	 1800	 0	 1	 1	  1.3267	 1
6000	 -6000	 1050	 1550	 0	 1	 0	  0.7117	 2
-12000	 12000	 1050	 550	 0	 0	 1	  0.6556	 2
-6000	 12000	 1050	 1550	 0	 0	 1	  1.1713	 1
12000	 -6000	 1050	 1300	 0	 0	 1	  0.7518	 2
6000	 -12000	 1050	 550	 0	 0	 0	  0.3818	 1
-6000	 6000	 1050	 1050	 1	 0	 1	  0.8248	 1
-6000	 6000	 1050	 1550	 0	 0	 1	  1.7038	 1
-12000	 12000	 1050	 800	 1	 0	 0	  0.7568	 1
-12000	 6000	 1050	 1050	 0	 1	 0	  1.0281	 1
6000	 -6000	 1050	 1800	 0	 1	 1	  0.3730	 1
-12000	 12000	 1050	 550	 0	 0	 1	  1.3175	 2
6000	 -6000	 1050	 1800	 0	 1	 0	  0.4401	 2
6000	 -12000	 1050	 1800	 0	 1	 0	  0.3476	 2
6000	 -6000	 1050	 550	 0	 0	 0	  0.1025	 1
12000	 -6000	 1050	 1300	 1	 0	 0	  0.5543	 1
12000	 -12000	 1050	 300	 1	 0	 1	  0.4504	 2
-12000	 12000	 1050	 300	 0	 1	 1	  0.3993	 2
-6000	 12000	 1050	 1300	 0	 1	 1	  0.2269	 1
-6000	 12000	 1050	 1050	 0	 0	 1	  0.6120	 1
12000	 -6000	 1050	 1300	 0	 1	 1	  0.3924	 1
-6000	 12000	 1050	 550	 0	 0	 0	  1.0735	 1
6000	 -12000	 1050	 1050	 0	 1	 0	  1.7478	 2
-6000	 6000	 1050	 300	 0	 0	 1	  2.0805	 2
12000	 -6000	 1050	 1550	 0	 0	 1	  0.6973	 1
-12000	 12000	 1050	 1300	 1	 0	 0	  0.6964	 2
-6000	 12000	 1050	 1300	 1	 0	 1	  5.6563	 2
-6000	 6000	 1050	 1300	 0	 0	 1	  0.9063	 1
12000	 -12000	 1050	 1050	 0	 1	 0	  0.7977	 2
6000	 -12000	 1050	 1300	 0	 0	 1	  1.4664	 1
6000	 -6000	 1050	 300	 0	 1	 1	  1.6200	 1
-6000	 12000	 1050	 1800	 0	 1	 0	  1.2834	 2
-12000	 12000	 1050	 1800	 0	 1	 1	  0.3791	 1
6000	 -6000	 1050	 1300	 1	 0	 1	  1.2152	 1
-12000	 12000	 1050	 1300	 0	 0	 1	  1.4726	 1
-12000	 12000	 1050	 1300	 0	 1	 0	  0.5903	 2
6000	 -6000	 1050	 300	 1	 0	 1	  1.8098	 2
6000	 -6000	 1050	 800	 0	 1	 0	  0.5785	 2
6000	 -12000	 1050	 1300	 0	 0	 1	  0.8417	 1
-12000	 12000	 1050	 1800	 1	 0	 0	  0.8111	 2
-6000	 12000	 1050	 1050	 0	 1	 1	  1.1352	 1
12000	 -6000	 1050	 1050	 1	 0	 0	  0.9031	 1
6000	 -12000	 1050	 550	 0	 0	 1	  1.6050	 2
6000	 -12000	 1050	 1050	 0	 1	 0	  1.4858	 2
-6000	 12000	 1050	 800	 1	 0	 0	  0.6848	 1
12000	 -12000	 1050	 1800	 1	 0	 1	  2.0975	 1
-6000	 12000	 1050	 300	 1	 0	 0	  0.3182	 1
-6000	 12000	 1050	 550	 1	 0	 0	  0.4372	 1
-12000	 6000	 1050	 1050	 0	 0	 0	  1.0968	 1
-12000	 6000	 1050	 550	 1	 0	 1	  0.8893	 2
12000	 -12000	 1050	 800	 1	 0	 1	  1.2444	 2
12000	 -12000	 1050	 550	 0	 0	 1	  1.4578	 2
-6000	 12000	 1050	 1550	 0	 1	 0	  0.6939	 2
-6000	 6000	 1050	 550	 0	 1	 0	  0.4921	 1
-6000	 6000	 1050	 1800	 0	 1	 0	  0.3769	 2
6000	 -12000	 1050	 800	 0	 0	 0	  1.0199	 1
12000	 -12000	 1050	 300	 0	 1	 1	  1.2870	 2
-6000	 12000	 1050	 300	 1	 0	 1	  3.9162	 1
12000	 -6000	 1050	 550	 0	 0	 0	  1.2634	 2
6000	 -12000	 1050	 1800	 1	 0	 1	  0.7217	 1
12000	 -6000	 1050	 800	 0	 0	 0	  0.7750	 1
6000	 -12000	 1050	 550	 0	 0	 0	  0.5520	 1
12000	 -6000	 1050	 1050	 0	 1	 1	  3.7299	 2
-6000	 12000	 1050	 800	 1	 0	 1	  0.9548	 2
-6000	 12000	 1050	 300	 0	 1	 0	  0.8140	 1
-12000	 12000	 1050	 800	 1	 0	 0	  0.6691	 1
-12000	 12000	 1050	 550	 1	 0	 0	  1.0219	 1
6000	 -12000	 1050	 1550	 0	 1	 0	  0.7319	 2
-12000	 12000	 1050	 1050	 1	 0	 0	  1.4821	 1
-12000	 12000	 1050	 1800	 0	 0	 0	  3.0287	 2
-6000	 12000	 1050	 1300	 0	 1	 1	  0.4344	 1
12000	 -6000	 1050	 1550	 0	 0	 1	  4.7605	 1
-6000	 6000	 1050	 800	 0	 1	 1	  0.8676	 1
-6000	 12000	 1050	 550	 0	 1	 1	  1.1479	 2
12000	 -12000	 1050	 1800	 0	 0	 0	  0.3182	 2
-12000	 12000	 1050	 800	 0	 1	 0	  4.2643	 2
12000	 -12000	 1050	 1550	 0	 0	 1	  0.4488	 1
-12000	 12000	 1050	 800	 1	 0	 1	  0.4278	 2
6000	 -12000	 1050	 300	 0	 0	 0	  0.1690	 1
-12000	 12000	 1050	 800	 0	 1	 0	  2.3344	 2
12000	 -12000	 1050	 1550	 0	 1	 1	  0.4143	 1
6000	 -12000	 1050	 1550	 0	 1	 0	  0.6051	 2
-6000	 6000	 1050	 1800	 1	 0	 1	  0.7078	 1
12000	 -12000	 1050	 550	 1	 0	 0	  0.7741	 1
-12000	 6000	 1050	 300	 0	 0	 0	  0.7849	 1
6000	 -6000	 1050	 1550	 0	 1	 1	  0.7503	 1
-6000	 12000	 1050	 1050	 0	 1	 0	  1.0011	 2
6000	 -12000	 1050	 300	 1	 0	 1	  1.4038	 2
6000	 -6000	 1050	 1300	 1	 0	 0	  0.7686	 2
-6000	 12000	 1050	 300	 0	 0	 0	  1.5904	 1
-6000	 12000	 1050	 1800	 0	 0	 0	  0.7542	 2
-12000	 6000	 1050	 550	 0	 0	 0	  1.0825	 1
6000	 -6000	 1050	 1050	 0	 1	 0	  1.2881	 1
-12000	 12000	 1050	 550	 1	 0	 1	  1.1326	 2
12000	 -12000	 1050	 1300	 0	 0	 0	  0.4907	 2
-12000	 12000	 1050	 1050	 1	 0	 1	  0.5287	 2
12000	 -6000	 1050	 1800	 0	 0	 0	  0.1135	 2
12000	 -6000	 1050	 1550	 1	 0	 1	  0.3169	 2
-12000	 6000	 1050	 300	 1	 0	 0	  0.3880	 1
12000	 -12000	 1050	 1550	 0	 1	 0	  0.4259	 2
-12000	 6000	 1050	 550	 0	 0	 1	  0.2304	 2
12000	 -12000	 1050	 1550	 1	 0	 1	  0.1614	 1
12000	 -12000	 1050	 800	 0	 0	 0	  0.6481	 1
-12000	 6000	 1050	 550	 1	 0	 1	  1.0454	 2
-12000	 12000	 1050	 1550	 0	 1	 0	  0.3309	 2
-12000	 6000	 1050	 1300	 0	 0	 0	  0.2875	 2
6000	 -12000	 1050	 800	 0	 0	 0	  0.2457	 1
-6000	 12000	 1050	 800	 1	 0	 1	  0.4105	 2
6000	 -6000	 1050	 550	 1	 0	 0	  0.4628	 1
12000	 -6000	 1050	 550	 0	 0	 1	  0.1128	 2
12000	 -6000	 1050	 300	 0	 1	 1	  0.7127	 2
-6000	 12000	 1050	 550	 0	 1	 0	  0.0939	 1
6000	 -12000	 1050	 1800	 1	 0	 0	  0.7797	 2
6000	 -12000	 1050	 1300	 1	 0	 1	  0.5405	 1
-6000	 12000	 1050	 1800	 0	 0	 1	  0.9876	 1
12000	 -12000	 1050	 1800	 0	 0	 1	  1.4827	 1
-12000	 12000	 1050	 1550	 1	 0	 1	  0.9189	 2
-12000	 12000	 1050	 1050	 0	 1	 1	  1.2899	 1
12000	 -6000	 1050	 550	 1	 0	 1	  0.6581	 2
-6000	 6000	 1050	 550	 0	 0	 1	  0.2877	 2
6000	 -12000	 1050	 300	 1	 0	 0	  0.4495	 1
-6000	 12000	 1050	 1800	 1	 0	 1	  0.4399	 1
6000	 -12000	 1050	 1550	 0	 0	 1	  1.8100	 2
-6000	 6000	 1050	 1800	 0	 1	 1	  1.0091	 1
-6000	 12000	 1050	 800	 0	 1	 1	  1.5230	 2
6000	 -6000	 1050	 1800	 1	 0	 1	  4.3336	 1
-6000	 6000	 1050	 1050	 1	 0	 0	  0.9133	 2
-6000	 6000	 1050	 1050	 0	 0	 1	  0.8520	 2
-12000	 12000	 1050	 1800	 0	 0	 1	  2.4135	 1
-12000	 12000	 1050	 300	 1	 0	 0	  0.0859	 1
12000	 -6000	 1050	 550	 0	 1	 1	  1.5080	 2
-6000	 6000	 1050	 1050	 0	 0	 1	  1.4203	 2
12000	 -6000	 1050	 300	 0	 0	 0	  0.2951	 1
-6000	 6000	 1050	 1300	 1	 0	 1	  6.6717	 1
12000	 -12000	 1050	 1300	 1	 0	 1	  0.5238	 1
12000	 -6000	 1050	 1550	 0	 0	 0	  0.5599	 2
6000	 -6000	 1050	 1300	 0	 0	 1	  0.9606	 2
12000	 -12000	 1050	 800	 0	 1	 0	  0.6136	 1
-12000	 6000	 1050	 1050	 1	 0	 0	  0.5541	 2
-6000	 12000	 1050	 1050	 0	 0	 0	  0.3906	 1
-12000	 6000	 1050	 800	 1	 0	 0	  0.4487	 2
6000	 -12000	 1050	 1550	 1	 0	 1	  0.5941	 1
-6000	 6000	 1050	 800	 0	 1	 1	  0.3019	 2
-12000	 6000	 1050	 800	 0	 0	 0	  0.5910	 2
-12000	 6000	 1050	 1050	 1	 0	 0	  0.3558	 2
12000	 -12000	 1050	 300	 0	 0	 0	  0.3642	 1
6000	 -6000	 1050	 1550	 1	 0	 0	  0.6179	 2
6000	 -12000	 1050	 550	 1	 0	 0	  1.0534	 1
-6000	 6000	 1050	 800	 0	 0	 1	  0.6590	 1
6000	 -6000	 1050	 800	 0	 0	 1	  1.3784	 2
12000	 -6000	 1050	 800	 1	 0	 0	  0.6867	 2
12000	 -12000	 1050	 1050	 1	 0	 1	  1.0527	 1
-12000	 12000	 1050	 1050	 0	 0	 0	  1.0922	 2
12000	 -12000	 1050	 800	 0	 0	 1	  0.8356	 2
-6000	 6000	 1050	 800	 1	 0	 1	  0.7731	 2
-12000	 6000	 1050	 300	 1	 0	 1	  0.6857	 2
12000	 -12000	 1050	 1550	 0	 0	 1	  0.9530	 1
12000	 -6000	 1050	 1050	 1	 0	 1	  0.4008	 1
6000	 -6000	 1050	 1300	 0	 1	 0	  1.6570	 2
-6000	 6000	 1050	 550	 0	 1	 1	  0.5688	 2
-6000	 6000	 1050	 1550	 1	 0	 0	  0.4110	 2
6000	 -6000	 1050	 550	 1	 0	 1	  1.0139	 2
-6000	 6000	 1050	 550	 1	 0	 1	  1.4523	 2
12000	 -12000	 1050	 1550	 1	 0	 0	  0.1260	 2
-12000	 12000	 1050	 550	 0	 1	 1	  0.7255	 2
12000	 -6000	 1050	 1800	 1	 0	 0	  0.3766	 2
-12000	 6000	 1050	 1550	 0	 1	 0	  1.6723	 2
-12000	 6000	 1050	 800	 0	 1	 1	  0.4927	 1
-6000	 12000	 1050	 800	 1	 0	 0	  0.5823	 1
6000	 -6000	 1050	 1800	 0	 0	 0	  0.4882	 2
12000	 -12000	 1050	 550	 1	 0	 0	  0.5183	 1
6000	 -12000	 1050	 800	 0	 1	 0	  0.6757	 1
-6000	 6000	 1050	 1800	 1	 0	 0	  0.4956	 2
6000	 -12000	 1050	 800	 1	 0	 0	  0.4816	 1
12000	 -12000	 1050	 550	 0	 1	 0	  1.0301	 1
-12000	 6000	 1050	 800	 0	 0	 0	  0.8561	 2
6000	 -12000	 1050	 1050	 0	 1	 1	  1.2876	 2
-12000	 12000	 1050	 1800	 1	 0	 1	  0.4060	 1
-12000	 12000	 1050	 1550	 0	 0	 0	  0.4186	 2
12000	 -6000	 1050	 550	 0	 1	 0	  1.3080	 1
-12000	 6000	 1050	 800	 1	 0	 1	  1.6560	 2
12000	 -6000	 1050	 1800	 0	 1	 0	  0.9332	 2
-12000	 6000	 1050	 300	 1	 0	 0	  3.8552	 2
6000	 -6000	 1050	 550	 1	 0	 1	  0.8361	 1
-6000	 12000	 1050	 1300	 0	 0	 0	  1.3745	 2
-12000	 6000	 1050	 300	 0	 0	 0	  1.4077	 1
-6000	 6000	 1050	 550	 0	 1	 0	  2.1986	 1
-12000	 12000	 1050	 1300	 0	 0	 1	  0.8579	 2
12000	 -6000	 1050	 550	 1	 0	 1	  2.3455	 1
12000	 -6000	 1050	 1050	 0	 1	 1	  0.6501	 1
-6000	 12000	 1050	 1050	 0	 1	 0	  0.4151	 1
-6000	 6000	 1050	 1050	 0	 1	 0	  0.7989	 1
-6000	 12000	 1050	 1300	 0	 1	 0	  1.6597	 2
-6000	 12000	 1050	 300	 0	 0	 1	  1.6293	 2
-6000	 12000	 1050	 800	 0	 0	 0	  1.1320	 1
6000	 -6000	 1050	 800	 0	 0	 0	  0.7735	 1
6000	 -6000	 1050	 1300	 0	 1	 1	  1.3474	 1
12000	 -12000	 1050	 550	 0	 0	 0	  0.4951	 1
-12000	 6000	 1050	 300	 0	 1	 1	  0.7941	 2
12000	 -6000	 1050	 1550	 1	 0	 1	  0.5887	 1
-12000	 12000	 1050	 800	 0	 0	 0	  0.4438	 1
12000	 -12000	 1050	 1550	 1	 0	 0	  0.0882	 2
-6000	 12000	 1050	 550	 1	 0	 1	  0.4461	 2
-12000	 12000	 1050	 550	 0	 0	 0	  1.6708	 1
-6000	 6000	 1050	 1300	 1	 0	 0	  0.5125	 2
6000	 -12000	 1050	 1050	 1	 0	 1	  2.0275	 2
-6000	 12000	 1050	 1550	 0	 1	 1	  1.0422	 2
12000	 -6000	 1050	 1550	 1	 0	 0	  0.4816	 2
6000	 -6000	 1050	 1300	 0	 1	 1	  2.0670	 2
12000	 -6000	 1050	 800	 0	 1	 1	  1.8679	 2
6000	 -6000	 1050	 1550	 0	 0	 1	  0.4326	 1
-6000	 6000	 1050	 300	 0	 0	 0	  0.7822	 1
12000	 -12000	 1050	 800	 1	 0	 0	  1.6790	 1
-6000	 6000	 1050	 1550	 0	 1	 0	  0.4691	 2
12000	 -6000	 1050	 1800	 1	 0	 1	  1.0723	 1
-12000	 12000	 1050	 800	 0	 0	 0	  0.6880	 1
-6000	 6000	 1050	 1550	 0	 0	 0	  0.5905	 2
-6000	 6000	 1050	 1550	 0	 1	 1	  1.9069	 1
6000	 -12000	 1050	 1050	 1	 0	 1	  0.9407	 2
12000	 -12000	 1050	 1050	 0	 1	 1	  1.6923	 2
12000	 -12000	 1050	 1300	 0	 1	 1	  0.4655	 2
-6000	 6000	 1050	 300	 0	 1	 1	  0.4867	 2
-12000	 12000	 1050	 1550	 0	 1	 1	  0.4888	 1
-6000	 12000	 1050	 550	 0	 1	 0	  0.2806	 1
6000	 -6000	 1050	 800	 1	 0	 1	  0.6063	 2
12000	 -12000	 1050	 1300	 1	 0	 0	  0.3905	 2
6000	 -12000	 1050	 800	 0	 1	 1	  0.4277	 2
-12000	 12000	 1050	 1050	 0	 0	 0	  0.4443	 1
12000	 -6000	 1050	 1550	 0	 0	 0	  0.6847	 2
-12000	 6000	 1050	 800	 0	 1	 1	  0.4828	 1
12000	 -12000	 1050	 1300	 0	 1	 0	  0.6192	 2
-6000	 12000	 1050	 300	 0	 1	 1	  0.6267	 2
12000	 -6000	 1050	 550	 1	 0	 0	  1.5609	 1
12000	 -12000	 1050	 1050	 1	 0	 0	  0.4542	 1
-12000	 6000	 1050	 1300	 0	 0	 0	  0.4411	 2
12000	 -12000	 1050	 1550	 0	 0	 0	  0.1422	 2
-12000	 12000	 1050	 1800	 0	 0	 1	  0.2950	 1
6000	 -6000	 1050	 550	 0	 0	 1	  0.6525	 1
12000	 -6000	 1050	 800	 1	 0	 0	  0.8216	 1
-12000	 12000	 1050	 300	 0	 0	 1	  0.8632	 2
12000	 -12000	 1050	 300	 0	 0	 1	  0.7221	 2
6000	 -6000	 1050	 1800	 0	 1	 1	  0.7677	 1
-12000	 12000	 1050	 1550	 1	 0	 0	  0.7477	 2
6000	 -6000	 1050	 800	 0	 1	 0	  1.7484	 1
6000	 -6000	 1050	 800	 0	 0	 0	  0.3548	 1
-12000	 12000	 1050	 1300	 1	 0	 0	  1.3897	 2
12000	 -6000	 1050	 1550	 0	 1	 0	  1.0908	 2
-6000	 12000	 1050	 1300	 1	 0	 0	  0.9664	 2
6000	 -12000	 1050	 1550	 0	 0	 0	  0.6912	 2
-6000	 6000	 1050	 1550	 0	 1	 1	  0.9872	 1
6000	 -6000	 1050	 1800	 1	 0	 1	  0.7249	 1
6000	 -12000	 1050	 1300	 0	 0	 0	  0.8025	 2
-6000	 12000	 1050	 300	 0	 0	 1	  0.8735	 2
-6000	 6000	 1050	 300	 1	 0	 0	  0.4389	 1
-6000	 12000	 1050	 1800	 1	 0	 0	  0.4257	 2
-12000	 12000	 1050	 1050	 1	 0	 0	  0.6571	 1
12000	 -6000	 1050	 1550	 0	 1	 1	  1.1221	 1
-12000	 12000	 1050	 1550	 0	 1	 1	  1.0815	 1
-6000	 6000	 1050	 1050	 0	 1	 1	  0.4300	 2
-6000	 6000	 1050	 1300	 1	 0	 1	  2.1386	 1
12000	 -6000	 1050	 300	 0	 0	 1	  0.4670	 2
-6000	 12000	 1050	 800	 0	 0	 1	  0.5233	 2
12000	 -6000	 1050	 1050	 0	 0	 1	  0.4529	 1
-6000	 6000	 1050	 800	 0	 1	 0	  0.4084	 1
6000	 -6000	 1050	 550	 1	 0	 0	  1.0840	 1
-12000	 6000	 1050	 800	 1	 0	 0	  1.3985	 1
-12000	 12000	 1050	 1550	 1	 0	 0	  1.0279	 2
6000	 -6000	 1050	 800	 0	 1	 1	  0.6603	 2
6000	 -12000	 1050	 550	 0	 1	 0	  0.6242	 1
-12000	 12000	 1050	 1550	 0	 0	 0	  0.5576	 2
-12000	 12000	 1050	 1300	 0	 1	 1	  0.8530	 1
-12000	 6000	 1050	 1300	 1	 0	 0	  1.7227	 2
-6000	 12000	 1050	 1550	 0	 1	 1	  3.3062	 2
12000	 -6000	 1050	 800	 0	 1	 1	  0.3971	 1
6000	 -6000	 1050	 1550	 1	 0	 1	  0.4955	 1
12000	 -6000	 1050	 1300	 1	 0	 0	  2.6506	 2
12000	 -6000	 1050	 1300	 0	 0	 1	  0.6659	 1
-6000	 6000	 1050	 1050	 1	 0	 0	  0.7072	 1
6000	 -6000	 1050	 1300	 0	 0	 0	  1.4475	 2
6000	 -12000	 1050	 300	 0	 0	 1	  1.2784	 2
6000	 -6000	 1050	 800	 0	 0	 1	  1.3101	 2
-6000	 6000	 1050	 300	 1	 0	 1	  1.8627	 2
-6000	 6000	 1050	 1800	 0	 1	 1	  0.5874	 1
-12000	 6000	 1050	 1800	 0	 1	 0	  2.1571	 2
-12000	 6000	 1050	 1300	 0	 1	 1	  1.8388	 1
-6000	 6000	 1050	 1050	 1	 0	 1	  0.7729	 1
-6000	 6000	 1050	 550	 0	 0	 1	  2.0756	 1
12000	 -12000	 1050	 550	 1	 0	 1	  1.3858	 2
-12000	 12000	 1050	 550	 0	 1	 1	  0.6233	 2
12000	 -6000	 1050	 300	 0	 1	 0	  0.4400	 1
-6000	 12000	 1050	 550	 0	 0	 1	  0.4787	 2
6000	 -6000	 1050	 1800	 0	 0	 1	  0.5617	 1
6000	 -12000	 1050	 1800	 1	 0	 0	  0.5304	 2
6000	 -12000	 1050	 800	 1	 0	 1	  2.7822	 1
6000	 -6000	 1050	 550	 0	 1	 0	  0.5706	 1
-12000	 12000	 1050	 1550	 0	 0	 1	  0.5915	 1
-12000	 12000	 1050	 1050	 0	 1	 0	  1.4907	 1
-6000	 12000	 1050	 1050	 1	 0	 1	  0.9817	 2
12000	 -12000	 1050	 1550	 0	 1	 0	  0.5557	 2
-6000	 6000	 1050	 550	 1	 0	 1	  0.6006	 2
12000	 -12000	 1050	 1300	 0	 1	 1	  2.3918	 1
12000	 -6000	 1050	 800	 0	 0	 0	  0.5900	 2
-6000	 6000	 1050	 1300	 0	 1	 1	  0.1391	 1
-6000	 6000	 1050	 1800	 1	 0	 0	  0.3780	 2
12000	 -12000	 1050	 1050	 0	 0	 0	  0.4559	 1
-6000	 6000	 1050	 1050	 0	 1	 0	  0.8276	 1
6000	 -12000	 1050	 1300	 0	 1	 0	  1.0601	 2
12000	 -6000	 1050	 1550	 0	 1	 1	  0.3633	 1
-12000	 12000	 1050	 300	 0	 1	 0	  0.3915	 1
-12000	 6000	 1050	 1800	 0	 1	 0	  0.5600	 1
-6000	 12000	 1050	 300	 0	 1	 1	  0.3033	 2
6000	 -12000	 1050	 300	 1	 0	 0	  0.3234	 1
6000	 -6000	 1050	 300	 0	 0	 1	  0.4230	 2
-6000	 6000	 1050	 1300	 0	 1	 1	  1.3462	 1
12000	 -12000	 1050	 800	 0	 1	 0	  0.5914	 2
-12000	 6000	 1050	 1550	 1	 0	 0	  0.3355	 2
-6000	 6000	 1050	 1300	 0	 1	 0	  1.0966	 1
6000	 -6000	 1050	 1800	 0	 0	 0	  0.5049	 2
12000	 -6000	 1050	 800	 0	 1	 0	  1.3253	 1
-12000	 6000	 1050	 550	 0	 1	 0	  0.5191	 1
-6000	 6000	 1050	 800	 0	 1	 0	  0.7003	 1
-12000	 12000	 1050	 1300	 0	 1	 0	  0.5066	 2
-6000	 6000	 1050	 800	 0	 0	 1	  0.3838	 2
12000	 -12000	 1050	 1800	 0	 1	 1	  0.5990	 1
6000	 -12000	 1050	 800	 0	 1	 1	  1.0590	 2
-12000	 6000	 1050	 1300	 0	 1	 0	  0.4948	 2
12000	 -6000	 1050	 1300	 0	 1	 0	  0.8893	 2
6000	 -6000	 1050	 300	 1	 0	 1	  0.4025	 2
-6000	 6000	 1050	 800	 0	 0	 0	  1.3588	 1
6000	 -6000	 1050	 550	 0	 0	 1	  0.3794	 2
-6000	 6000	 1050	 1800	 0	 0	 1	  2.2168	 2
-6000	 12000	 1050	 1800	 0	 0	 0	  0.1214	 2
-12000	 12000	 1050	 550	 0	 1	 0	  0.4818	 1
-12000	 6000	 1050	 300	 0	 0	 1	  0.5727	 2
-6000	 12000	 1050	 1800	 0	 0	 1	  0.5465	 1
6000	 -12000	 1050	 800	 0	 0	 1	  0.6104	 2
-12000	 12000	 1050	 1050	 0	 1	 1	  1.5921	 2
-6000	 12000	 1050	 1550	 0	 0	 0	  0.2099	 2
-6000	 6000	 1050	 1800	 1	 0	 1	  0.5414	 1
6000	 -12000	 1050	 800	 1	 0	 1	  0.4435	 2
12000	 -12000	 1050	 1800	 0	 1	 0	  0.9203	 2
-12000	 12000	 1050	 1800	 0	 0	 0	  0.3822	 2
-6000	 12000	 1050	 1300	 0	 0	 0	  0.8416	 1
-12000	 6000	 1050	 1800	 0	 0	 1	  0.1369	 1
-6000	 6000	 1050	 1300	 0	 0	 0	  0.3655	 2
-12000	 12000	 1050	 800	 0	 0	 1	  0.6099	 1
-6000	 6000	 1050	 1550	 1	 0	 1	  1.9441	 1
12000	 -12000	 1050	 1550	 0	 0	 0	  0.1432	 2
-12000	 12000	 1050	 1050	 1	 0	 1	  0.4051	 2
12000	 -12000	 1050	 300	 1	 0	 0	  1.6280	 1
6000	 -6000	 1050	 1050	 0	 0	 0	  0.3136	 1
6000	 -12000	 1050	 550	 0	 1	 1	  0.5767	 2
6000	 -12000	 1050	 1300	 0	 1	 0	  0.4814	 1
6000	 -6000	 1050	 1050	 0	 1	 1	  0.3363	 2
-12000	 12000	 1050	 300	 1	 0	 1	  0.1722	 2
-6000	 12000	 1050	 800	 0	 0	 1	  0.2221	 2
12000	 -12000	 1050	 1800	 0	 0	 0	  0.1281	 2
-6000	 12000	 1050	 550	 1	 0	 0	  0.1213	 1
-12000	 12000	 1050	 550	 1	 0	 1	  1.4112	 2
-6000	 12000	 1050	 1300	 1	 0	 0	  0.1454	 2
-12000	 6000	 1050	 550	 0	 0	 0	  1.1625	 1
-12000	 6000	 1050	 1300	 0	 0	 1	  0.1957	 1
12000	 -6000	 1050	 1300	 1	 0	 1	  0.9125	 1
-6000	 12000	 1050	 1050	 0	 0	 1	  0.4508	 2
-6000	 6000	 1050	 1300	 0	 1	 0	  2.0894	 2
6000	 -6000	 1050	 1550	 1	 0	 0	  0.2790	 2
6000	 -6000	 1050	 1300	 0	 0	 1	  0.4166	 1
-12000	 6000	 1050	 800	 1	 0	 1	  0.4578	 1
6000	 -6000	 1050	 300	 0	 0	 0	  1.4307	 1
-12000	 12000	 1050	 300	 0	 0	 1	  0.9700	 2
-6000	 12000	 1050	 800	 0	 1	 0	  0.9937	 1
-12000	 12000	 1050	 1800	 1	 0	 1	  0.4981	 1
12000	 -6000	 1050	 1050	 0	 0	 0	  0.2932	 2
-6000	 6000	 1050	 550	 1	 0	 0	  1.0601	 2
-12000	 6000	 1050	 1800	 1	 0	 0	  0.5257	 2
-12000	 6000	 1050	 1050	 0	 1	 1	  1.1553	 2
6000	 -6000	 1050	 1050	 1	 0	 0	  0.1295	 2
12000	 -6000	 1050	 800	 1	 0	 1	  1.4948	 1
-12000	 12000	 1050	 800	 0	 1	 1	  1.7467	 2
12000	 -12000	 1050	 1300	 0	 0	 1	  1.1120	 2
-12000	 6000	 1050	 1550	 1	 0	 0	  0.9004	 2
-6000	 6000	 1050	 1050	 0	 1	 1	  0.6554	 1
-12000	 12000	 1050	 1800	 0	 1	 0	  0.7207	 2
12000	 -12000	 1050	 1050	 0	 0	 0	  0.4604	 1
-12000	 6000	 1050	 550	 0	 0	 1	  1.5153	 2
-6000	 12000	 1050	 1550	 1	 0	 1	  0.3835	 1
6000	 -6000	 1050	 1800	 0	 0	 1	  0.4879	 1
12000	 -6000	 1050	 1300	 0	 0	 0	  0.4308	 2
-12000	 6000	 1050	 1050	 0	 0	 1	  0.5614	 1
6000	 -12000	 1050	 1050	 0	 0	 1	  0.1037	 2
-6000	 6000	 1050	 1050	 0	 0	 0	  0.2686	 2
12000	 -12000	 1050	 300	 0	 0	 0	  0.5351	 1
-12000	 6000	 1050	 550	 0	 1	 0	  1.0944	 1
6000	 -6000	 1050	 1800	 1	 0	 0	  0.2294	 2
12000	 -12000	 1050	 1800	 1	 0	 1	  0.9916	 1
-12000	 12000	 1050	 1050	 0	 0	 1	  0.6370	 2
6000	 -12000	 1050	 550	 1	 0	 1	  0.4481	 2
12000	 -6000	 1050	 300	 1	 0	 1	  0.0418	 2
6000	 -6000	 1050	 1550	 0	 1	 1	  0.9251	 2
12000	 -6000	 1050	 1550	 1	 0	 0	 15.9413	 2
-12000	 12000	 1050	 1300	 0	 1	 1	  0.9233	 1
6000	 -12000	 1050	 1050	 1	 0	 0	  0.4683	 2
-6000	 12000	 1050	 1550	 1	 0	 1	  1.9768	 1
-6000	 6000	 1050	 300	 0	 1	 1	  0.3318	 2
6000	 -12000	 1050	 800	 1	 0	 0	  0.5060	 1
6000	 -12000	 1050	 300	 0	 0	 1	  0.4041	 2
6000	 -6000	 1050	 300	 0	 0	 1	  0.7565	 2
-12000	 6000	 1050	 1300	 0	 0	 1	  0.4627	 1
-6000	 6000	 1050	 550	 0	 1	 1	  0.2325	 2
12000	 -6000	 1050	 1050	 0	 0	 0	  0.4662	 2
-12000	 6000	 1050	 800	 0	 1	 0	  1.6781	 1
-6000	 12000	 1050	 1300	 0	 0	 1	  0.6512	 2
12000	 -12000	 1050	 1800	 0	 1	 0	  0.3794	 2
-12000	 12000	 1050	 300	 0	 0	 0	  0.4158	 1
6000	 -6000	 1050	 1550	 0	 1	 0	  0.5373	 2
-12000	 12000	 1050	 1800	 1	 0	 0	  0.5319	 2
12000	 -6000	 1050	 300	 0	 1	 0	  0.4320	 1
12000	 -6000	 1050	 1050	 1	 0	 1	  0.6562	 1
-12000	 6000	 1050	 1050	 0	 1	 0	  0.5755	 2
-6000	 6000	 1050	 1800	 0	 1	 0	  0.2441	 2
-6000	 12000	 1050	 1550	 0	 0	 1	  0.8463	 1
6000	 -6000	 1050	 1550	 1	 0	 1	  0.5609	 1
-12000	 6000	 1050	 1050	 0	 0	 1	  0.2206	 1
-6000	 12000	 1050	 300	 0	 1	 0	  0.4772	 1
12000	 -12000	 1050	 800	 0	 1	 1	  0.4810	 2
-6000	 12000	 1050	 1800	 1	 0	 1	  0.4525	 1
-12000	 12000	 1050	 1300	 1	 0	 1	  0.4510	 2
6000	 -12000	 1050	 1300	 0	 1	 1	  0.2772	 2
-6000	 6000	 1050	 300	 0	 0	 0	  0.5885	 1
-12000	 12000	 1050	 1550	 0	 0	 1	  0.4829	 1
-6000	 6000	 1050	 1050	 0	 0	 0	  0.2375	 1
6000	 -6000	 1050	 550	 0	 1	 1	  0.4040	 2
6000	 -6000	 1050	 1800	 1	 0	 0	  0.5139	 2
-6000	 6000	 1050	 1300	 0	 0	 1	  0.4984	 2
12000	 -6000	 1050	 1300	 0	 0	 0	  0.6967	 2
6000	 -12000	 1050	 1050	 0	 1	 1	  0.1902	 2
-6000	 6000	 1050	 800	 0	 0	 0	  0.5929	 1
-12000	 6000	 1050	 1800	 1	 0	 1	  0.4774	 1
-6000	 6000	 1050	 1300	 1	 0	 0	  0.4665	 2
12000	 -6000	 1050	 550	 0	 0	 0	  2.0392	 2
-12000	 6000	 1050	 1800	 0	 0	 0	  0.3679	 2
6000	 -6000	 1050	 800	 1	 0	 0	  0.6405	 1
-12000	 6000	 1050	 1050	 0	 1	 1	  1.9899	 2
-12000	 12000	 1050	 300	 0	 1	 1	  0.5421	 2
-6000	 6000	 1050	 800	 1	 0	 0	  0.0493	 2
6000	 -6000	 1050	 550	 0	 0	 0	  0.5258	 1
-6000	 6000	 1050	 300	 0	 1	 0	  0.2797	 1
6000	 -12000	 1050	 1050	 0	 0	 1	  0.8901	 2
-6000	 12000	 1050	 1300	 0	 0	 1	  0.2274	 2
6000	 -12000	 1050	 550	 0	 1	 1	  0.5701	 2
6000	 -12000	 1050	 300	 0	 1	 1	  0.3598	 2
12000	 -12000	 1050	 1050	 1	 0	 0	  0.7165	 1
6000	 -6000	 1050	 300	 0	 1	 1	  1.3325	 2
12000	 -6000	 1050	 1800	 0	 0	 0	  0.5144	 2
-12000	 6000	 1050	 1550	 0	 1	 1	  0.4448	 1
12000	 -12000	 1050	 550	 0	 0	 0	  0.3585	 1
-12000	 12000	 1050	 1800	 0	 1	 0	  1.2369	 2
-6000	 12000	 1050	 1050	 1	 0	 0	  0.9492	 1
6000	 -6000	 1050	 300	 1	 0	 0	  0.3924	 1
-6000	 6000	 1050	 550	 0	 0	 0	  0.4677	 1
12000	 -6000	 1050	 300	 1	 0	 0	  1.5051	 1
12000	 -6000	 1050	 800	 0	 0	 1	  0.5053	 2
-12000	 6000	 1050	 1300	 0	 1	 0	  0.7416	 2
-12000	 12000	 1050	 1550	 0	 1	 0	  0.8869	 2
6000	 -12000	 1050	 800	 0	 1	 0	  0.6472	 1
6000	 -6000	 1050	 1300	 0	 1	 0	  0.4561	 2
-12000	 12000	 1050	 1050	 0	 0	 1	  1.7249	 1
-12000	 12000	 1050	 300	 0	 1	 0	 11.3036	 1
12000	 -12000	 1050	 300	 0	 1	 0	  0.6140	 1
6000	 -6000	 1050	 1550	 0	 0	 0	  0.6230	 2
-12000	 6000	 1050	 1800	 1	 0	 1	  0.5781	 1
-12000	 6000	 1050	 1050	 0	 0	 0	  0.5605	 2
-6000	 6000	 1050	 1550	 0	 0	 1	  0.4776	 1
12000	 -6000	 1050	 800	 0	 0	 1	  0.5566	 1
12000	 -6000	 1050	 1800	 1	 0	 1	  0.3885	 1
12000	 -12000	 1050	 800	 0	 0	 1	  0.2287	 2
12000	 -12000	 1050	 1550	 0	 1	 1	  0.3780	 1
6000	 -6000	 1050	 800	 1	 0	 1	  0.8828	 2
-12000	 6000	 1050	 1550	 1	 0	 1	  0.3410	 1
12000	 -12000	 1050	 800	 1	 0	 1	  0.7930	 2
6000	 -6000	 1050	 800	 1	 0	 0	  0.2772	 2
-6000	 6000	 1050	 300	 1	 0	 1	  1.5802	 1
-12000	 6000	 1050	 300	 0	 0	 1	  0.4256	 2
12000	 -6000	 1050	 550	 0	 0	 1	  0.4727	 2
-12000	 12000	 1050	 1800	 0	 1	 1	  0.2098	 1
6000	 -12000	 1050	 1300	 1	 0	 1	  0.3879	 1
-12000	 6000	 1050	 550	 0	 1	 1	  0.2130	 2
-12000	 6000	 1050	 1300	 0	 1	 1	  0.6347	 1
-6000	 12000	 1050	 550	 1	 0	 1	  0.9008	 2
6000	 -12000	 1050	 1550	 0	 1	 1	  0.5381	 2
6000	 -12000	 1050	 1300	 1	 0	 0	  0.3264	 2
-12000	 6000	 1050	 550	 1	 0	 0	  0.4093	 1
-6000	 6000	 1050	 550	 1	 0	 0	  1.0299	 1
6000	 -12000	 1050	 550	 1	 0	 0	  0.3680	 1
6000	 -6000	 1050	 1050	 1	 0	 1	  1.8122	 1
6000	 -12000	 1050	 1550	 1	 0	 1	  0.5558	 1
6000	 -12000	 1050	 550	 1	 0	 1	  0.7708	 2
-6000	 12000	 1050	 800	 0	 1	 1	  0.4420	 2
12000	 -6000	 1050	 300	 0	 0	 0	  0.2247	 1
12000	 -6000	 1050	 1800	 0	 0	 1	  0.4465	 1
-12000	 6000	 1050	 1550	 1	 0	 1	  0.9402	 1
6000	 -6000	 1050	 1550	 0	 0	 0	  0.3136	 2
6000	 -6000	 1050	 1050	 1	 0	 1	  0.4850	 1
-12000	 6000	 1050	 300	 0	 1	 0	  0.5203	 1
-6000	 12000	 1050	 1800	 0	 1	 0	  1.4343	 2
-12000	 12000	 1050	 300	 1	 0	 1	  0.7430	 2
12000	 -6000	 1050	 300	 1	 0	 0	  0.1516	 1
-6000	 12000	 1050	 1300	 1	 0	 1	  0.4225	 1
-12000	 12000	 1050	 1550	 1	 0	 1	  0.4735	 1
-12000	 6000	 1050	 1300	 1	 0	 1	  0.4360	 1
12000	 -6000	 1050	 1800	 0	 0	 1	  0.4776	 2
6000	 -12000	 1050	 1800	 0	 0	 1	  0.3966	 1
-12000	 12000	 1050	 300	 0	 0	 0	  0.4293	 1
-12000	 6000	 1050	 1550	 0	 0	 0	  1.2689	 2
-6000	 6000	 1050	 1800	 0	 0	 1	  1.1840	 2
-6000	 12000	 1050	 800	 0	 1	 0	  0.5520	 1
-12000	 6000	 1050	 1050	 1	 0	 1	  0.5380	 1
-12000	 6000	 1050	 300	 1	 0	 1	  0.4366	 2
12000	 -12000	 1050	 550	 1	 0	 1	  0.2356	 2
12000	 -12000	 1050	 1800	 0	 0	 1	  0.5044	 1
12000	 -6000	 1050	 1800	 1	 0	 0	  0.4468	 2
-6000	 12000	 1050	 1550	 1	 0	 0	  0.3692	 2
6000	 -12000	 1050	 1800	 0	 1	 0	  1.4409	 2
-6000	 6000	 1050	 300	 1	 0	 0	  1.0012	 1
12000	 -12000	 1050	 1300	 0	 0	 1	  0.4469	 1
12000	 -6000	 1050	 1800	 0	 1	 1	  2.3280	 1
12000	 -12000	 1050	 300	 0	 0	 1	  0.6193	 2
6000	 -6000	 1050	 1300	 1	 0	 1	  0.2337	 1
-12000	 12000	 1050	 550	 0	 1	 0	  0.5757	 1
-12000	 6000	 1050	 1550	 0	 1	 0	  0.5669	 2
6000	 -12000	 1050	 1800	 1	 0	 1	  1.0951	 2
6000	 -12000	 1050	 300	 0	 1	 0	  0.3828	 1
-12000	 12000	 1050	 550	 0	 0	 0	  0.1115	 1
-6000	 12000	 1050	 1800	 0	 1	 1	  4.2607	 1
12000	 -6000	 1050	 550	 0	 1	 0	  0.4116	 1
12000	 -6000	 1050	 550	 1	 0	 0	  2.4695	 1
12000	 -6000	 1050	 800	 1	 0	 1	  0.4143	 2
-6000	 12000	 1050	 550	 0	 0	 0	  0.1284	 1
12000	 -12000	 1050	 1300	 1	 0	 0	  0.3942	 2
-12000	 6000	 1050	 300	 0	 1	 1	  0.6700	 2
6000	 -6000	 1050	 1050	 0	 0	 0	  0.2690	 2
-6000	 12000	 1050	 300	 1	 0	 1	  1.5033	 2
-6000	 6000	 1050	 1550	 0	 1	 0	  1.7664	 1
12000	 -12000	 1050	 800	 0	 0	 0	  0.1708	 1
-12000	 6000	 1050	 550	 0	 1	 1	  0.2197	 2
6000	 -12000	 1050	 1550	 1	 0	 0	  0.2324	 2
-12000	 12000	 1050	 1300	 0	 0	 0	  1.3088	 2
12000	 -6000	 1050	 1550	 0	 1	 0	  0.4459	 2
-6000	 12000	 1050	 300	 0	 0	 0	  1.6826	 2
12000	 -12000	 1050	 1050	 0	 1	 0	  0.6848	 2
6000	 -12000	 1050	 1050	 0	 0	 0	  0.2614	 1
-6000	 6000	 1050	 1800	 0	 0	 0	  0.4454	 2
-12000	 12000	 1050	 800	 0	 1	 1	  0.8856	 1
12000	 -12000	 1050	 1800	 1	 0	 0	  0.7055	 2
-12000	 6000	 1050	 1300	 1	 0	 0	  1.3438	 1
-6000	 12000	 1050	 1050	 0	 1	 1	  2.2281	 2
6000	 -12000	 1050	 800	 0	 0	 1	  0.6491	 2
12000	 -6000	 1050	 1300	 1	 0	 1	  2.4048	 2
6000	 -12000	 1050	 550	 0	 1	 0	  2.3623	 1
6000	 -12000	 1050	 1550	 0	 1	 1	  0.4537	 2
-6000	 12000	 1050	 1300	 0	 1	 0	  0.5814	 2
12000	 -12000	 1050	 550	 0	 1	 1	  0.3232	 2
-6000	 12000	 1050	 1550	 1	 0	 0	  0.3681	 2
12000	 -12000	 1050	 800	 1	 0	 0	  0.3924	 1
12000	 -6000	 1050	 1300	 0	 1	 0	  0.2172	 2
12000	 -12000	 1050	 1300	 1	 0	 1	  0.7897	 1
12000	 -6000	 1050	 1050	 0	 0	 1	  0.7241	 2
6000	 -12000	 1050	 300	 0	 0	 0	  2.0751	 1
12000	 -12000	 1050	 550	 0	 0	 1	  0.4085	 2
6000	 -12000	 1050	 1300	 1	 0	 0	  0.7781	 2
-12000	 6000	 1050	 800	 0	 0	 1	  0.1684	 2
12000	 -12000	 1050	 1300	 0	 1	 0	  0.6174	 2
-6000	 6000	 1050	 1800	 0	 0	 0	  0.3719	 2
-6000	 12000	 1050	 550	 0	 1	 1	  0.6937	 2
-12000	 12000	 1050	 1050	 0	 1	 0	  0.8821	 1
6000	 -12000	 1050	 300	 0	 1	 1	  0.6209	 2
6000	 -6000	 1050	 300	 0	 0	 0	  0.4240	 1
6000	 -12000	 1050	 1550	 0	 0	 1	  0.5082	 2
12000	 -6000	 1050	 1800	 0	 1	 0	  1.0005	 2
-12000	 6000	 1050	 1550	 0	 0	 1	  0.3091	 1
-6000	 12000	 1050	 800	 0	 0	 0	  0.0421	 1
-6000	 6000	 1050	 800	 1	 0	 1	  0.3981	 2
-12000	 6000	 1050	 300	 0	 1	 0	  0.3526	 2
-12000	 6000	 1050	 1800	 1	 0	 0	  0.2946	 2
6000	 -6000	 1050	 1300	 1	 0	 0	  0.5563	 2
12000	 -12000	 1050	 1550	 1	 0	 1	  4.2285	 1
-12000	 6000	 1050	 1800	 0	 1	 1	  0.4179	 1
12000	 -6000	 1050	 300	 0	 1	 1	  4.7237	 2
6000	 -6000	 1050	 1300	 0	 0	 0	  0.3911	 2
6000	 -12000	 1050	 1550	 1	 0	 0	  0.0804	 2
12000	 -6000	 1050	 300	 1	 0	 1	  0.5755	 2
12000	 -12000	 1050	 800	 0	 1	 1	  1.6699	 2
6000	 -12000	 1050	 1800	 0	 1	 1	  1.0592	 1
-12000	 12000	 1050	 800	 0	 0	 1	  0.3010	 2
12000	 -12000	 1050	 1050	 0	 0	 1	  0.9126	 1
-12000	 12000	 1050	 800	 1	 0	 1	  0.3666	 2
-6000	 12000	 1050	 1050	 1	 0	 0	  1.0651	 1
6000	 -12000	 1050	 1800	 0	 1	 1	  2.4743	 1
-6000	 6000	 1050	 1550	 0	 0	 0	  0.5124	 2
12000	 -12000	 1050	 300	 1	 0	 0	  0.2560	 1
6000	 -6000	 1050	 800	 0	 1	 1	  0.5460	 2
-6000	 12000	 1050	 1800	 1	 0	 0	  0.4049	 2
-12000	 6000	 1050	 1800	 0	 1	 1	  0.5255	 1
-6000	 6000	 1050	 300	 0	 0	 1	  1.0413	 2
6000	 -6000	 1050	 300	 0	 1	 0	  0.1765	 1
6000	 -6000	 1050	 1050	 1	 0	 0	  0.3454	 2
6000	 -6000	 1050	 1550	 0	 0	 1	  0.3845	 1
6000	 -12000	 1050	 300	 0	 1	 0	  0.3903	 1
12000	 -12000	 1050	 1300	 0	 0	 0	  0.0937	 2
-12000	 6000	 1050	 1300	 1	 0	 1	  2.1038	 1
-12000	 12000	 1050	 1300	 0	 0	 0	  0.0112	 2
6000	 -6000	 1050	 300	 1	 0	 0	  0.1643	 1
-12000	 6000	 1050	 1550	 0	 1	 1	  1.7355	 2
6000	 -12000	 1050	 1050	 0	 0	 0	  0.0948	 1
12000	 -6000	 1050	 1800	 0	 1	 1	  0.9842	 1
-12000	 6000	 1050	 800	 0	 1	 0	  0.4257	 2
-6000	 12000	 1050	 550	 0	 0	 1	  0.2556	 2
6000	 -12000	 1050	 1550	 0	 0	 0	  0.6020	 2
-6000	 6000	 1050	 1550	 1	 0	 0	  0.3936	 2
-12000	 12000	 1050	 300	 1	 0	 0	  0.2239	 1
6000	 -12000	 1050	 1800	 0	 0	 0	  1.0023	 2
-6000	 6000	 1050	 550	 0	 0	 0	  0.0528	 1
-6000	 12000	 1050	 1050	 0	 0	 0	  0.4955	 1
12000	 -12000	 1050	 1800	 1	 0	 0	  0.4397	 2
6000	 -6000	 1050	 1800	 0	 1	 0	  0.3928	 2
-6000	 12000	 1050	 1550	 0	 1	 0	  1.1929	 1
12000	 -12000	 1050	 1050	 0	 0	 1	  0.2123	 1
12000	 -12000	 1050	 300	 0	 1	 0	  0.9041	 1
6000	 -6000	 1050	 1050	 0	 1	 1	  0.1779	 2
-6000	 12000	 1050	 300	 1	 0	 0	  0.3969	 1
6000	 -6000	 1050	 550	 0	 1	 0	  0.3789	 1
6000	 -6000	 1050	 300	 0	 1	 0	  1.1518	 1
12000	 -12000	 1050	 550	 0	 1	 0	  0.5295	 1
-12000	 6000	 1050	 1800	 0	 0	 0	  0.3524	 2
-12000	 6000	 1050	 1550	 0	 0	 0	  0.5347	 2
-6000	 12000	 1050	 1550	 0	 0	 0	  0.3473	 2
-12000	 6000	 1050	 800	 0	 0	 1	  0.3099	 1
12000	 -6000	 1050	 300	 0	 0	 1	  1.0757	 2
-6000	 6000	 1050	 800	 1	 0	 0	  1.5325	 1
12000	 -12000	 1050	 550	 0	 1	 1	  1.2955	 2
-12000	 6000	 1050	 1550	 0	 0	 1	  1.0539	 1
12000	 -6000	 1050	 1300	 0	 1	 1	  0.6107	 1
-6000	 12000	 1050	 1050	 1	 0	 1	  0.6859	 1
6000	 -6000	 1050	 1050	 0	 0	 1	  0.5064	 2
6000	 -6000	 1050	 1050	 0	 1	 0	  0.5208	 1
12000	 -6000	 1050	 800	 0	 1	 0	  0.4304	 2
12000	 -12000	 1050	 1050	 1	 0	 1	  0.6287	 1
-12000	 12000	 1050	 550	 1	 0	 0	  0.4005	 1
