6000	 -6000	 1050	 1300	 0	 1	 1	  2.1729	 1
6000	 -6000	 1050	 1300	 1	 0	 0	  0.4987	 2
12000	 -12000	 1050	 800	 0	 0	 0	  1.5784	 1
-6000	 6000	 1050	 1800	 1	 0	 1	  0.8604	 2
12000	 -12000	 1050	 300	 0	 0	 0	  1.5749	 1
-12000	 12000	 1050	 1300	 0	 1	 1	  1.0108	 1
6000	 -12000	 1050	 1050	 0	 0	 0	  1.7369	 2
-12000	 6000	 1050	 1300	 1	 0	 1	  5.1325	 1
-6000	 6000	 1050	 1050	 1	 0	 1	  4.7957	 1
12000	 -12000	 1050	 1800	 0	 0	 1	  5.0476	 1
12000	 -6000	 1050	 800	 0	 1	 1	  1.7605	 1
-6000	 12000	 1050	 1550	 0	 0	 0	  0.7183	 2
-6000	 6000	 1050	 300	 0	 0	 1	  1.4592	 2
-6000	 12000	 1050	 1300	 0	 0	 1	  0.8257	 2
-12000	 12000	 1050	 300	 0	 0	 0	  0.6597	 1
-12000	 6000	 1050	 1800	 0	 0	 1	  1.0298	 1
12000	 -12000	 1050	 300	 0	 1	 0	  0.3408	 1
6000	 -6000	 1050	 1550	 0	 0	 1	  0.7936	 2
12000	 -12000	 1050	 1550	 1	 0	 1	  1.1680	 1
12000	 -6000	 1050	 1550	 0	 0	 0	  0.7851	 2
-12000	 6000	 1050	 300	 1	 0	 1	  0.3601	 2
-6000	 6000	 1050	 1550	 0	 1	 0	  1.5101	 2
12000	 -6000	 1050	 1050	 0	 1	 0	  0.6730	 2
12000	 -6000	 1050	 1300	 1	 0	 0	  0.3201	 2
6000	 -12000	 1050	 300	 1	 0	 0	  0.2345	 1
-12000	 6000	 1050	 1800	 1	 0	 0	  0.2900	 2
6000	 -6000	 1050	 1800	 0	 1	 0	  0.2083	 2
6000	 -12000	 1050	 1550	 1	 0	 1	  0.6085	 1
6000	 -12000	 1050	 1550	 0	 1	 0	  1.4195	 2
-6000	 12000	 1050	 1050	 1	 0	 1	  1.5740	 2
-6000	 12000	 1050	 1300	 1	 0	 1	  0.0941	 1
-12000	 12000	 1050	 1300	 0	 0	 1	  0.5648	 1
12000	 -6000	 1050	 1300	 1	 0	 1	  0.4447	 1
12000	 -12000	 1050	 1300	 0	 1	 1	  1.0701	 2
-12000	 6000	 1050	 800	 0	 0	 1	  2.2028	 1
-6000	 6000	 1050	 1800	 0	 1	 0	  0.4418	 2
-12000	 6000	 1050	 1050	 0	 0	 1	  0.9966	 1
-12000	 6000	 1050	 1300	 0	 0	 1	  0.8585	 1
12000	 -6000	 1050	 800	 0	 0	 1	  2.2733	 2
6000	 -12000	 1050	 1550	 0	 0	 1	  1.2100	 1
-6000	 12000	 1050	 300	 0	 0	 0	  0.4144	 1
6000	 -12000	 1050	 800	 1	 0	 1	  2.6536	 1
-6000	 12000	 1050	 300	 0	 0	 0	  2.8092	 1
6000	 -12000	 1050	 550	 0	 1	 1	  3.2502	 1
-12000	 6000	 1050	 300	 0	 1	 0	  3.9257	 2
12000	 -12000	 1050	 1050	 1	 0	 0	  1.7781	 1
12000	 -6000	 1050	 800	 0	 0	 0	  0.7405	 1
-6000	 6000	 1050	 1550	 0	 1	 0	  0.2694	 2
-12000	 12000	 1050	 1800	 1	 0	 1	  1.3496	 1
-12000	 6000	 1050	 300	 1	 0	 0	  1.3800	 1
-6000	 12000	 1050	 1550	 1	 0	 1	  1.3329	 2
-6000	 12000	 1050	 1300	 0	 1	 0	  1.1194	 2
-6000	 6000	 1050	 800	 0	 0	 1	  0.7240	 1
-12000	 6000	 1050	 550	 0	 1	 1	  0.5855	 1
-6000	 12000	 1050	 550	 0	 0	 0	  2.2609	 2
-12000	 6000	 1050	 800	 1	 0	 1	  0.5504	 2
-12000	 6000	 1050	 1050	 0	 0	 0	  1.4703	 2
12000	 -6000	 1050	 1800	 1	 0	 1	  0.7260	 2
6000	 -6000	 1050	 800	 1	 0	 1	  0.5459	 2
-6000	 12000	 1050	 1550	 1	 0	 1	  0.8772	 2
12000	 -6000	 1050	 300	 0	 1	 1	  3.2325	 1
6000	 -12000	 1050	 1800	 1	 0	 0	  0.9983	 2
-6000	 6000	 1050	 550	 1	 0	 1	  0.3837	 2
12000	 -12000	 1050	 1800	 0	 0	 1	  0.3360	 2
-12000	 12000	 1050	 300	 0	 1	 0	  0.4599	 1
12000	 -6000	 1050	 800	 0	 1	 1	  2.2633	 1
-6000	 12000	 1050	 1550	 0	 0	 1	  0.5560	 1
-6000	 6000	 1050	 1300	 0	 1	 1	  0.2872	 1
-12000	 12000	 1050	 300	 0	 1	 1	  2.6962	 1
-12000	 12000	 1050	 300	 0	 0	 1	  0.4418	 1
-12000	 12000	 1050	 1800	 0	 0	 0	  0.4142	 2
-12000	 12000	 1050	 1550	 0	 0	 0	  0.4278	 2
12000	 -12000	 1050	 800	 0	 1	 0	  1.1513	 2
-12000	 12000	 1050	 1800	 1	 0	 1	  0.5438	 1
-12000	 6000	 1050	 550	 0	 0	 1	  1.3329	 1
6000	 -12000	 1050	 1300	 0	 0	 1	  0.7094	 2
-12000	 12000	 1050	 1300	 0	 0	 0	  0.4144	 2
-6000	 12000	 1050	 300	 1	 0	 1	  0.9730	 2
-12000	 6000	 1050	 300	 0	 0	 1	  1.5586	 2
6000	 -12000	 1050	 1050	 1	 0	 0	  1.7700	 2
6000	 -6000	 1050	 1050	 0	 1	 0	  0.3315	 2
12000	 -12000	 1050	 1050	 1	 0	 1	  1.4658	 2
6000	 -12000	 1050	 1550	 0	 0	 0	  1.1621	 2
-12000	 6000	 1050	 1050	 1	 0	 1	  1.6415	 1
6000	 -6000	 1050	 1800	 1	 0	 1	  1.7554	 2
6000	 -6000	 1050	 1550	 0	 1	 1	  1.9456	 1
12000	 -6000	 1050	 1050	 0	 1	 0	  0.4149	 2
-12000	 12000	 1050	 1300	 0	 1	 0	  0.3608	 2
-12000	 6000	 1050	 1800	 0	 0	 0	  1.7981	 1
6000	 -6000	 1050	 300	 0	 0	 0	  0.2946	 1
-12000	 6000	 1050	 300	 1	 0	 1	  1.4098	 2
12000	 -12000	 1050	 1300	 0	 0	 0	  0.3236	 2
-6000	 12000	 1050	 1800	 0	 0	 1	  0.3244	 1
-12000	 12000	 1050	 800	 0	 1	 1	  0.4654	 2
6000	 -12000	 1050	 1050	 1	 0	 0	  0.2992	 1
-12000	 12000	 1050	 550	 0	 1	 0	  0.3654	 1
-6000	 6000	 1050	 550	 0	 1	 0	  0.7141	 1
12000	 -12000	 1050	 300	 0	 0	 1	  0.3072	 1
6000	 -6000	 1050	 800	 0	 1	 1	  0.9188	 1
-12000	 6000	 1050	 1550	 0	 0	 1	  0.9291	 2
12000	 -12000	 1050	 1050	 1	 0	 0	  0.4573	 2
6000	 -12000	 1050	 800	 1	 0	 0	  0.3702	 1
6000	 -12000	 1050	 1550	 0	 1	 0	  0.4458	 2
-6000	 6000	 1050	 1550	 1	 0	 0	  0.3246	 2
6000	 -6000	 1050	 800	 1	 0	 0	  0.6378	 1
6000	 -6000	 1050	 1800	 0	 0	 0	  0.9159	 2
12000	 -6000	 1050	 1800	 1	 0	 1	  1.0299	 2
-6000	 12000	 1050	 800	 0	 0	 0	  1.3065	 2
12000	 -12000	 1050	 1300	 0	 0	 1	  0.3816	 1
6000	 -12000	 1050	 550	 1	 0	 1	  0.4147	 2
-12000	 12000	 1050	 1300	 0	 1	 1	  1.6030	 1
-6000	 6000	 1050	 300	 0	 1	 0	  0.4381	 1
-12000	 6000	 1050	 1300	 0	 1	 1	  0.7802	 2
6000	 -6000	 1050	 550	 1	 0	 1	  0.3763	 2
12000	 -6000	 1050	 1300	 0	 0	 0	  1.5034	 2
12000	 -12000	 1050	 1800	 0	 0	 0	 22.3465	 2
6000	 -6000	 1050	 550	 1	 0	 0	  0.3267	 1
12000	 -6000	 1050	 1550	 0	 0	 0	  1.4617	 2
-6000	 6000	 1050	 1550	 0	 1	 1	  0.4070	 1
12000	 -6000	 1050	 1800	 0	 1	 0	  1.6746	 2
-6000	 6000	 1050	 300	 1	 0	 1	  0.7099	 2
-6000	 12000	 1050	 1050	 1	 0	 0	  1.6961	 2
12000	 -12000	 1050	 1050	 0	 1	 1	  0.6224	 1
-12000	 12000	 1050	 1300	 1	 0	 0	  1.0597	 1
6000	 -12000	 1050	 550	 0	 1	 0	  0.5250	 1
12000	 -12000	 1050	 1550	 0	 0	 1	  0.4143	 1
6000	 -6000	 1050	 1050	 1	 0	 0	  1.0497	 1
12000	 -12000	 1050	 1050	 0	 0	 0	  0.3931	 2
-6000	 12000	 1050	 550	 0	 1	 0	  1.1823	 1
-6000	 12000	 1050	 1300	 0	 0	 0	  2.3810	 2
12000	 -12000	 1050	 1300	 0	 1	 1	  0.3372	 1
6000	 -12000	 1050	 550	 0	 1	 0	  0.4635	 1
-12000	 6000	 1050	 1050	 1	 0	 0	  1.4113	 1
-6000	 6000	 1050	 300	 0	 1	 1	  0.7171	 1
-12000	 12000	 1050	 1800	 1	 0	 0	  0.4364	 2
12000	 -12000	 1050	 550	 0	 0	 1	  1.6259	 2
-12000	 12000	 1050	 1800	 0	 1	 1	  3.0543	 1
-12000	 12000	 1050	 800	 1	 0	 0	  0.3383	 2
-12000	 12000	 1050	 800	 0	 1	 0	  0.3449	 2
6000	 -6000	 1050	 1800	 0	 1	 1	  0.3914	 1
6000	 -6000	 1050	 300	 0	 1	 0	  0.2629	 1
-12000	 6000	 1050	 550	 1	 0	 1	  0.5972	 2
6000	 -12000	 1050	 1800	 1	 0	 1	  0.3824	 2
-6000	 6000	 1050	 1550	 0	 0	 1	  0.8096	 2
12000	 -12000	 1050	 550	 0	 1	 0	  1.1315	 1
12000	 -6000	 1050	 300	 0	 1	 1	  1.0631	 2
12000	 -12000	 1050	 1550	 0	 0	 0	  0.8421	 2
12000	 -12000	 1050	 550	 0	 0	 0	  0.0443	 1
6000	 -6000	 1050	 1300	 0	 0	 0	  0.9555	 2
6000	 -12000	 1050	 1300	 0	 1	 1	  1.8141	 1
12000	 -6000	 1050	 300	 1	 0	 1	  0.5497	 2
12000	 -12000	 1050	 1800	 0	 0	 0	  1.4585	 2
12000	 -12000	 1050	 1050	 0	 1	 0	  0.0618	 2
-12000	 12000	 1050	 1550	 0	 0	 1	  0.2727	 2
12000	 -6000	 1050	 550	 1	 0	 1	  0.4647	 2
-12000	 12000	 1050	 1800	 0	 0	 1	  0.4228	 1
6000	 -12000	 1050	 1800	 0	 0	 0	  0.6131	 2
6000	 -12000	 1050	 800	 0	 0	 1	  0.9806	 1
6000	 -6000	 1050	 800	 0	 0	 1	  0.7914	 1
12000	 -12000	 1050	 800	 0	 1	 1	  0.6470	 2
12000	 -6000	 1050	 1550	 0	 1	 1	  0.5638	 1
12000	 -12000	 1050	 1300	 1	 0	 1	  1.5860	 2
-12000	 12000	 1050	 800	 1	 0	 1	  0.9599	 2
12000	 -12000	 1050	 300	 0	 0	 0	  0.9389	 1
12000	 -12000	 1050	 550	 1	 0	 0	  0.7901	 1
6000	 -6000	 1050	 1550	 1	 0	 1	  1.7261	 2
12000	 -12000	 1050	 800	 1	 0	 0	  1.4481	 1
-6000	 12000	 1050	 1050	 1	 0	 1	  1.0911	 1
-6000	 6000	 1050	 300	 0	 0	 0	  0.8799	 2
6000	 -12000	 1050	 1550	 1	 0	 0	  0.5445	 2
6000	 -6000	 1050	 1050	 1	 0	 1	  1.1269	 1
-12000	 6000	 1050	 800	 0	 0	 0	  1.1288	 1
12000	 -12000	 1050	 1550	 0	 0	 1	  0.9742	 1
-12000	 12000	 1050	 550	 0	 1	 1	  0.6873	 2
-12000	 6000	 1050	 1300	 1	 0	 1	  1.9244	 2
-6000	 12000	 1050	 800	 0	 1	 0	  1.7509	 1
-12000	 6000	 1050	 550	 1	 0	 1	  0.4995	 2
6000	 -12000	 1050	 300	 0	 0	 1	  3.4151	 2
-12000	 12000	 1050	 550	 1	 0	 0	  0.2300	 1
12000	 -6000	 1050	 550	 0	 0	 0	  0.2965	 1
12000	 -12000	 1050	 1550	 0	 0	 0	  0.6043	 2
-6000	 6000	 1050	 300	 0	 0	 0	  0.3498	 1
-6000	 6000	 1050	 1050	 0	 1	 1	  1.1063	 1
6000	 -6000	 1050	 550	 0	 1	 1	  1.1387	 1
12000	 -12000	 1050	 300	 1	 0	 0	  1.0467	 1
-12000	 12000	 1050	 1550	 0	 1	 1	  1.8891	 1
12000	 -12000	 1050	 800	 1	 0	 1	  0.5319	 2
6000	 -6000	 1050	 550	 0	 0	 1	  2.6953	 2
12000	 -6000	 1050	 800	 0	 1	 0	  0.6545	 2
12000	 -12000	 1050	 300	 0	 1	 1	  2.1613	 2
-6000	 12000	 1050	 800	 0	 0	 0	  0.7837	 1
12000	 -6000	 1050	 800	 1	 0	 1	  0.2844	 2
12000	 -6000	 1050	 1050	 1	 0	 0	  0.5322	 2
-6000	 6000	 1050	 1550	 0	 0	 0	  1.9615	 1
12000	 -6000	 1050	 300	 0	 0	 1	  5.2110	 1
-12000	 6000	 1050	 1550	 1	 0	 1	  0.8418	 2
-6000	 6000	 1050	 550	 1	 0	 1	  0.7323	 2
-6000	 12000	 1050	 1300	 0	 0	 0	  0.4854	 2
-12000	 6000	 1050	 1050	 0	 0	 1	  0.1589	 1
-12000	 12000	 1050	 300	 1	 0	 0	  0.5669	 1
12000	 -6000	 1050	 550	 0	 0	 1	  0.4405	 2
-12000	 12000	 1050	 1550	 1	 0	 1	  0.6470	 1
-6000	 6000	 1050	 1300	 0	 0	 0	  0.8591	 1
6000	 -6000	 1050	 1550	 1	 0	 0	  2.2852	 2
-12000	 12000	 1050	 800	 0	 0	 0	  0.4051	 1
6000	 -6000	 1050	 550	 0	 1	 0	  1.1927	 1
-12000	 12000	 1050	 1050	 0	 1	 0	  1.1662	 2
6000	 -12000	 1050	 300	 1	 0	 1	  0.5600	 2
6000	 -12000	 1050	 800	 0	 1	 0	  2.0350	 1
6000	 -6000	 1050	 300	 0	 0	 1	  0.7320	 2
6000	 -12000	 1050	 1800	 1	 0	 0	  0.4497	 2
-6000	 12000	 1050	 1050	 0	 0	 0	  0.8222	 1
-12000	 12000	 1050	 1800	 0	 0	 0	  0.7098	 1
12000	 -6000	 1050	 1050	 0	 0	 1	  0.2949	 1
12000	 -6000	 1050	 550	 0	 1	 1	  0.8624	 2
-6000	 6000	 1050	 550	 0	 1	 1	  1.4235	 2
6000	 -12000	 1050	 550	 0	 0	 0	  0.3670	 1
-6000	 12000	 1050	 550	 0	 1	 0	  0.2784	 1
-6000	 6000	 1050	 800	 0	 1	 0	  1.3943	 2
6000	 -6000	 1050	 1800	 0	 1	 0	  1.7053	 2
-6000	 12000	 1050	 1050	 0	 1	 1	  1.3599	 1
6000	 -12000	 1050	 300	 0	 1	 0	  0.4974	 1
12000	 -6000	 1050	 1800	 0	 1	 1	  1.4217	 2
12000	 -12000	 1050	 1550	 0	 1	 1	  0.6370	 2
-6000	 6000	 1050	 550	 0	 0	 0	  0.4618	 1
6000	 -12000	 1050	 1050	 0	 1	 0	  0.5286	 2
6000	 -12000	 1050	 1800	 0	 1	 1	  0.8372	 1
-6000	 6000	 1050	 800	 1	 0	 0	  0.5059	 1
6000	 -12000	 1050	 1550	 1	 0	 0	  0.3001	 2
6000	 -6000	 1050	 800	 0	 0	 0	  0.3640	 2
12000	 -6000	 1050	 550	 1	 0	 1	  0.3805	 2
-12000	 6000	 1050	 1800	 1	 0	 1	  1.8867	 1
6000	 -12000	 1050	 1300	 1	 0	 1	  0.6355	 1
6000	 -12000	 1050	 1300	 0	 1	 1	  0.4722	 1
-6000	 6000	 1050	 1800	 1	 0	 0	  1.1603	 2
-12000	 6000	 1050	 1300	 1	 0	 0	  0.6761	 1
6000	 -6000	 1050	 800	 1	 0	 0	  0.6012	 1
-6000	 6000	 1050	 1800	 1	 0	 1	  0.9160	 2
-12000	 6000	 1050	 1300	 0	 1	 0	  0.8703	 2
-12000	 12000	 1050	 550	 1	 0	 1	  0.6211	 2
6000	 -6000	 1050	 800	 1	 0	 1	  0.2860	 2
12000	 -12000	 1050	 1800	 0	 1	 0	  0.3230	 2
-12000	 12000	 1050	 800	 0	 1	 1	  0.7388	 1
12000	 -12000	 1050	 1300	 0	 1	 0	  0.2898	 2
6000	 -12000	 1050	 800	 0	 0	 1	  0.6977	 1
6000	 -6000	 1050	 1300	 0	 1	 1	  0.4231	 1
-6000	 6000	 1050	 800	 0	 0	 0	  0.3217	 1
6000	 -6000	 1050	 1800	 0	 0	 0	  0.3004	 2
-12000	 6000	 1050	 1050	 0	 1	 1	  0.8407	 1
-12000	 12000	 1050	 300	 1	 0	 1	  0.2965	 2
-12000	 6000	 1050	 800	 0	 1	 0	  0.3303	 2
6000	 -12000	 1050	 1300	 0	 0	 1	  0.3560	 1
12000	 -12000	 1050	 800	 0	 0	 1	  0.2502	 1
-12000	 6000	 1050	 1800	 1	 0	 0	  0.3841	 2
-12000	 12000	 1050	 550	 0	 0	 1	  0.4400	 2
-6000	 6000	 1050	 1550	 1	 0	 1	  0.3576	 2
6000	 -6000	 1050	 300	 0	 1	 1	  0.9951	 1
6000	 -6000	 1050	 1300	 0	 0	 1	  0.6072	 2
12000	 -6000	 1050	 1300	 0	 0	 0	  0.5541	 2
-6000	 12000	 1050	 1800	 0	 0	 0	  0.7407	 1
-6000	 12000	 1050	 1800	 1	 0	 1	  0.1931	 1
-12000	 6000	 1050	 1050	 0	 1	 0	  0.2897	 1
-6000	 6000	 1050	 1550	 0	 0	 0	  0.2302	 2
-6000	 6000	 1050	 300	 0	 0	 1	  0.2774	 2
6000	 -6000	 1050	 1050	 0	 1	 1	  1.4869	 1
-6000	 6000	 1050	 1800	 0	 0	 0	  1.9259	 2
-12000	 6000	 1050	 1300	 0	 0	 0	  0.4053	 2
-6000	 6000	 1050	 800	 1	 0	 1	  1.0088	 1
12000	 -12000	 1050	 300	 0	 0	 1	  0.8334	 1
6000	 -6000	 1050	 300	 0	 1	 0	  0.0948	 1
-12000	 12000	 1050	 1050	 0	 0	 1	  0.6313	 1
-6000	 6000	 1050	 1300	 1	 0	 1	  0.6444	 2
12000	 -6000	 1050	 1300	 1	 0	 1	  0.7420	 2
6000	 -12000	 1050	 1050	 0	 1	 0	  0.4852	 2
-6000	 6000	 1050	 1300	 0	 1	 1	  1.4928	 2
12000	 -12000	 1050	 550	 0	 0	 1	  1.8018	 2
-12000	 12000	 1050	 1550	 1	 0	 1	  0.5857	 2
-12000	 6000	 1050	 300	 0	 1	 1	  0.3373	 1
12000	 -12000	 1050	 1050	 0	 1	 0	  0.3309	 1
12000	 -6000	 1050	 1800	 1	 0	 0	  0.5788	 1
6000	 -6000	 1050	 1050	 0	 1	 1	  0.6239	 1
-6000	 12000	 1050	 1800	 0	 1	 0	  0.3264	 2
12000	 -12000	 1050	 1800	 1	 0	 1	  0.2314	 2
6000	 -12000	 1050	 1300	 0	 1	 0	  0.9712	 2
-6000	 6000	 1050	 800	 1	 0	 0	  0.2997	 1
-12000	 6000	 1050	 1800	 1	 0	 1	  0.5872	 2
-12000	 6000	 1050	 550	 1	 0	 0	  0.2961	 1
-12000	 12000	 1050	 1300	 1	 0	 0	  0.8072	 2
-6000	 12000	 1050	 800	 0	 1	 1	  1.0674	 1
-12000	 6000	 1050	 1050	 1	 0	 1	  1.6093	 2
-6000	 6000	 1050	 1050	 0	 1	 0	  1.7805	 2
-6000	 12000	 1050	 800	 1	 0	 0	  0.8489	 1
6000	 -12000	 1050	 300	 0	 0	 0	  0.3165	 1
12000	 -12000	 1050	 1050	 0	 0	 1	  0.7534	 1
-6000	 12000	 1050	 550	 0	 0	 1	  0.7008	 1
-12000	 6000	 1050	 1300	 1	 0	 0	  2.5547	 1
12000	 -6000	 1050	 800	 0	 0	 0	  0.5712	 1
6000	 -6000	 1050	 1800	 0	 1	 1	  0.6986	 2
-6000	 12000	 1050	 300	 0	 0	 1	  0.7938	 2
-12000	 6000	 1050	 550	 0	 1	 0	  0.6029	 1
12000	 -6000	 1050	 1050	 0	 0	 0	  0.7564	 1
-6000	 12000	 1050	 800	 1	 0	 1	  0.8369	 2
-6000	 12000	 1050	 550	 1	 0	 1	  0.2764	 2
-12000	 12000	 1050	 1050	 0	 0	 0	  0.3206	 1
-12000	 12000	 1050	 800	 0	 0	 0	  0.6188	 1
12000	 -6000	 1050	 800	 1	 0	 0	  0.3612	 2
-6000	 12000	 1050	 300	 0	 1	 1	  0.2916	 1
6000	 -6000	 1050	 550	 0	 1	 0	  0.6488	 2
12000	 -6000	 1050	 550	 0	 1	 0	  0.8852	 1
-6000	 12000	 1050	 1550	 0	 0	 0	  0.3365	 2
-6000	 6000	 1050	 300	 1	 0	 1	  0.4631	 2
12000	 -6000	 1050	 1800	 0	 1	 1	  0.3046	 1
12000	 -6000	 1050	 1050	 0	 0	 1	  0.3183	 1
-12000	 6000	 1050	 550	 0	 1	 0	  0.3827	 1
-6000	 12000	 1050	 1050	 0	 1	 1	  0.6193	 2
-12000	 12000	 1050	 1050	 0	 0	 0	  0.2854	 1
-12000	 12000	 1050	 1050	 1	 0	 0	  1.2924	 2
-12000	 6000	 1050	 1550	 1	 0	 0	  0.3792	 2
-12000	 6000	 1050	 800	 1	 0	 1	  0.3233	 2
6000	 -12000	 1050	 1050	 0	 0	 1	  0.4738	 1
6000	 -6000	 1050	 1050	 1	 0	 0	  0.7554	 2
-12000	 12000	 1050	 1050	 0	 0	 1	  0.3252	 2
6000	 -6000	 1050	 1050	 0	 0	 0	  0.4425	 1
-6000	 6000	 1050	 800	 1	 0	 1	  0.4155	 2
-12000	 6000	 1050	 1800	 0	 1	 1	  0.2788	 1
6000	 -6000	 1050	 1300	 0	 1	 0	  0.4352	 2
-6000	 6000	 1050	 1050	 0	 1	 1	  0.3143	 1
-6000	 6000	 1050	 800	 0	 1	 0	  5.8048	 2
-12000	 12000	 1050	 300	 0	 1	 1	  1.7319	 2
-12000	 12000	 1050	 1550	 0	 0	 1	  1.2528	 1
6000	 -6000	 1050	 1550	 0	 0	 0	  0.7972	 2
12000	 -12000	 1050	 1300	 0	 0	 0	  0.9048	 2
-6000	 6000	 1050	 1300	 0	 1	 0	  0.9362	 2
-6000	 12000	 1050	 550	 1	 0	 1	  0.6438	 2
6000	 -12000	 1050	 800	 0	 1	 1	  0.3211	 1
12000	 -12000	 1050	 1550	 1	 0	 0	  1.8930	 2
-6000	 12000	 1050	 1300	 1	 0	 0	  0.5485	 1
-6000	 6000	 1050	 1300	 1	 0	 0	  0.7535	 1
-6000	 6000	 1050	 1300	 0	 0	 1	  1.1009	 2
12000	 -6000	 1050	 1300	 1	 0	 0	  0.4462	 1
6000	 -12000	 1050	 800	 1	 0	 1	  0.3795	 1
-6000	 12000	 1050	 1550	 0	 1	 0	  0.1481	 2
6000	 -12000	 1050	 1300	 1	 0	 0	  2.6525	 1
-6000	 6000	 1050	 800	 0	 1	 1	  0.7579	 2
12000	 -12000	 1050	 550	 1	 0	 1	  0.8276	 2
-6000	 6000	 1050	 1550	 0	 1	 1	  0.7777	 1
6000	 -12000	 1050	 550	 1	 0	 1	  0.4480	 2
-12000	 6000	 1050	 300	 0	 0	 0	  0.0867	 1
-6000	 6000	 1050	 550	 0	 1	 0	  0.3827	 1
-12000	 6000	 1050	 1050	 0	 1	 1	  2.3442	 1
-6000	 6000	 1050	 1050	 1	 0	 0	  0.4559	 1
-12000	 12000	 1050	 550	 0	 1	 1	  0.4085	 2
-6000	 12000	 1050	 1550	 1	 0	 0	  1.1843	 2
-6000	 12000	 1050	 1050	 0	 0	 1	  1.0442	 1
12000	 -6000	 1050	 800	 0	 0	 1	  0.3090	 2
12000	 -6000	 1050	 300	 0	 0	 0	  0.7039	 1
-6000	 6000	 1050	 550	 0	 0	 0	  0.6476	 2
12000	 -12000	 1050	 1050	 0	 1	 1	  1.3674	 1
6000	 -12000	 1050	 1550	 1	 0	 1	  0.5233	 2
-12000	 6000	 1050	 1550	 0	 0	 1	  1.0888	 1
-12000	 12000	 1050	 550	 1	 0	 0	  0.1033	 1
6000	 -6000	 1050	 300	 0	 0	 1	  0.5282	 2
-12000	 6000	 1050	 1550	 0	 1	 0	  0.7575	 2
12000	 -6000	 1050	 1300	 0	 1	 0	  0.7781	 2
-6000	 12000	 1050	 1550	 0	 1	 1	  0.5800	 1
-6000	 6000	 1050	 1800	 0	 0	 1	  0.9966	 1
6000	 -6000	 1050	 300	 0	 0	 0	  0.9527	 1
6000	 -12000	 1050	 1550	 0	 0	 1	  1.3171	 1
-6000	 12000	 1050	 1800	 0	 0	 0	  0.4157	 2
-12000	 12000	 1050	 1300	 1	 0	 1	  0.9050	 1
-6000	 12000	 1050	 300	 0	 0	 1	  1.6899	 2
6000	 -6000	 1050	 1550	 0	 1	 1	  1.0884	 1
-6000	 12000	 1050	 800	 0	 0	 1	  0.3359	 2
-12000	 12000	 1050	 1050	 1	 0	 1	  0.2798	 2
12000	 -6000	 1050	 550	 1	 0	 0	  0.9962	 1
12000	 -6000	 1050	 1550	 0	 1	 1	  1.4338	 1
6000	 -12000	 1050	 1550	 0	 1	 1	  0.2878	 1
-6000	 6000	 1050	 1050	 0	 0	 0	  2.6509	 2
12000	 -12000	 1050	 1550	 0	 1	 0	  0.4840	 2
6000	 -12000	 1050	 1300	 0	 1	 0	  0.0842	 2
-6000	 6000	 1050	 1300	 0	 1	 0	  0.2941	 2
12000	 -12000	 1050	 300	 0	 1	 0	  0.3709	 1
6000	 -12000	 1050	 550	 0	 1	 1	  1.5808	 2
6000	 -12000	 1050	 1800	 0	 1	 0	  3.0212	 1
-6000	 6000	 1050	 300	 0	 1	 0	  0.2624	 1
-6000	 12000	 1050	 1800	 0	 1	 1	  0.2933	 1
6000	 -12000	 1050	 1300	 1	 0	 1	  0.6198	 2
-6000	 6000	 1050	 1300	 1	 0	 0	  0.4941	 2
12000	 -6000	 1050	 1800	 0	 0	 1	  0.9221	 1
-6000	 6000	 1050	 800	 0	 0	 1	  0.5480	 1
-6000	 12000	 1050	 800	 1	 0	 0	  0.2088	 1
-12000	 12000	 1050	 1050	 0	 1	 1	  0.6906	 2
-6000	 6000	 1050	 1300	 0	 0	 0	  0.7222	 1
-6000	 6000	 1050	 1800	 1	 0	 0	  0.1872	 2
6000	 -12000	 1050	 300	 0	 1	 1	  1.0354	 2
-12000	 12000	 1050	 1550	 0	 1	 0	  1.0270	 2
-12000	 12000	 1050	 1800	 0	 1	 0	  0.5713	 2
-6000	 6000	 1050	 1800	 0	 0	 1	  1.4783	 1
12000	 -6000	 1050	 1050	 0	 1	 1	  0.6927	 1
12000	 -6000	 1050	 800	 1	 0	 1	  0.3249	 2
6000	 -12000	 1050	 300	 1	 0	 0	  0.6691	 1
12000	 -6000	 1050	 550	 0	 0	 0	  0.5904	 1
-12000	 12000	 1050	 1050	 1	 0	 1	  0.3373	 2
-12000	 6000	 1050	 1300	 0	 0	 1	  0.6874	 1
6000	 -12000	 1050	 1050	 0	 0	 1	  0.7420	 2
12000	 -6000	 1050	 1300	 0	 0	 1	  0.1973	 2
12000	 -6000	 1050	 550	 1	 0	 0	  0.3239	 1
12000	 -6000	 1050	 800	 1	 0	 0	  0.1402	 1
-6000	 12000	 1050	 550	 0	 0	 0	  0.4077	 1
-12000	 6000	 1050	 1550	 0	 0	 0	  0.3726	 2
-6000	 6000	 1050	 1800	 0	 1	 1	  0.3707	 1
-6000	 12000	 1050	 1550	 0	 1	 0	  0.4096	 2
-12000	 6000	 1050	 1800	 0	 1	 1	  0.3650	 1
-12000	 12000	 1050	 800	 0	 0	 1	  0.3939	 1
-12000	 6000	 1050	 550	 1	 0	 0	  0.1229	 1
6000	 -6000	 1050	 1550	 0	 1	 0	  0.3058	 2
12000	 -6000	 1050	 1550	 1	 0	 1	  0.2378	 2
-6000	 12000	 1050	 1300	 0	 1	 0	  0.3843	 2
-6000	 12000	 1050	 1800	 1	 0	 1	  0.3095	 1
12000	 -12000	 1050	 550	 0	 1	 1	  0.1544	 2
-6000	 12000	 1050	 1300	 0	 1	 1	  0.1763	 1
6000	 -6000	 1050	 550	 0	 0	 0	  0.9906	 1
-12000	 6000	 1050	 800	 0	 0	 1	  0.2526	 2
6000	 -6000	 1050	 300	 1	 0	 1	  0.2342	 2
12000	 -12000	 1050	 1800	 0	 1	 1	  0.2953	 1
6000	 -12000	 1050	 1300	 1	 0	 0	  0.2989	 2
12000	 -12000	 1050	 550	 0	 1	 0	  1.4888	 1
6000	 -6000	 1050	 800	 0	 1	 0	  0.8505	 2
12000	 -12000	 1050	 1050	 0	 0	 1	  0.3637	 1
12000	 -6000	 1050	 1800	 0	 1	 0	  1.1499	 2
-6000	 12000	 1050	 1800	 0	 1	 0	  0.3878	 2
-12000	 6000	 1050	 1300	 0	 1	 0	  0.3112	 2
12000	 -6000	 1050	 550	 0	 1	 1	  0.3010	 1
-12000	 6000	 1050	 800	 0	 1	 1	  0.3037	 1
-6000	 12000	 1050	 800	 0	 0	 1	  1.6665	 2
6000	 -6000	 1050	 1300	 1	 0	 0	  0.3493	 2
-12000	 12000	 1050	 1800	 1	 0	 0	  1.9206	 2
12000	 -12000	 1050	 1800	 1	 0	 1	  0.5008	 1
12000	 -12000	 1050	 300	 1	 0	 1	  0.3037	 2
6000	 -12000	 1050	 300	 0	 0	 0	  0.2486	 1
12000	 -12000	 1050	 300	 1	 0	 0	  0.2234	 1
12000	 -6000	 1050	 300	 1	 0	 0	  0.0063	 1
-12000	 12000	 1050	 800	 0	 1	 0	  0.1429	 2
12000	 -6000	 1050	 1800	 0	 0	 0	  0.3111	 2
-12000	 6000	 1050	 550	 0	 0	 0	  0.2621	 1
6000	 -6000	 1050	 1300	 0	 0	 0	  0.3326	 2
6000	 -12000	 1050	 1050	 0	 1	 1	  0.5600	 1
-6000	 6000	 1050	 1550	 1	 0	 1	  0.3917	 2
6000	 -12000	 1050	 1800	 0	 0	 0	  0.3057	 2
6000	 -12000	 1050	 800	 1	 0	 0	  0.1265	 1
6000	 -12000	 1050	 300	 0	 0	 1	  0.7470	 1
-6000	 12000	 1050	 800	 0	 1	 0	  0.1272	 2
-6000	 12000	 1050	 800	 0	 1	 1	  0.5742	 1
-12000	 6000	 1050	 550	 0	 0	 0	  0.2431	 1
-12000	 6000	 1050	 800	 0	 1	 1	  0.3038	 2
-12000	 12000	 1050	 1050	 0	 1	 1	  0.1840	 1
-6000	 6000	 1050	 1050	 0	 0	 1	  0.3059	 2
-12000	 6000	 1050	 550	 0	 0	 1	  1.1386	 1
6000	 -6000	 1050	 1800	 0	 0	 1	  0.3158	 1
-12000	 12000	 1050	 1550	 0	 1	 0	  0.2573	 2
12000	 -12000	 1050	 800	 0	 0	 1	  1.2472	 1
-12000	 12000	 1050	 550	 0	 0	 0	  0.9909	 1
-12000	 12000	 1050	 550	 0	 1	 0	  0.1363	 2
-12000	 12000	 1050	 800	 0	 0	 1	  0.6562	 2
6000	 -12000	 1050	 1300	 0	 0	 0	  0.7650	 2
-12000	 12000	 1050	 300	 1	 0	 1	  0.3420	 2
6000	 -12000	 1050	 550	 0	 0	 1	  0.3776	 1
12000	 -6000	 1050	 1300	 0	 1	 0	  0.3415	 2
12000	 -6000	 1050	 1550	 0	 0	 1	  0.0565	 1
12000	 -6000	 1050	 300	 0	 1	 0	  0.6400	 1
6000	 -6000	 1050	 1300	 0	 0	 1	  0.7270	 2
-6000	 12000	 1050	 1050	 1	 0	 0	  0.3710	 2
12000	 -12000	 1050	 1300	 0	 0	 1	  0.4568	 1
-12000	 6000	 1050	 300	 1	 0	 0	  0.2178	 1
-6000	 6000	 1050	 300	 1	 0	 0	  0.1424	 1
6000	 -6000	 1050	 1800	 1	 0	 0	  0.3856	 2
6000	 -6000	 1050	 1800	 1	 0	 1	  0.5515	 2
-6000	 12000	 1050	 1800	 0	 1	 1	  0.9636	 1
-6000	 6000	 1050	 550	 0	 0	 1	  0.4781	 2
-6000	 12000	 1050	 1800	 1	 0	 0	  0.2692	 2
6000	 -12000	 1050	 1550	 0	 0	 0	  0.6817	 2
-6000	 12000	 1050	 800	 1	 0	 1	  0.8567	 1
-6000	 6000	 1050	 1050	 0	 0	 0	  0.1977	 1
-12000	 6000	 1050	 1800	 0	 1	 0	  0.3296	 2
-6000	 12000	 1050	 1050	 0	 0	 1	  0.4543	 1
12000	 -6000	 1050	 300	 0	 0	 0	  0.0136	 1
12000	 -6000	 1050	 1550	 0	 1	 0	  0.3463	 2
12000	 -6000	 1050	 1800	 0	 0	 1	  0.2720	 1
-6000	 6000	 1050	 550	 1	 0	 0	  0.4403	 1
-12000	 6000	 1050	 1050	 0	 0	 0	  1.5294	 2
12000	 -6000	 1050	 300	 1	 0	 1	  0.7340	 2
6000	 -12000	 1050	 1050	 1	 0	 1	  0.7158	 2
6000	 -12000	 1050	 550	 0	 0	 1	  2.2780	 2
-12000	 6000	 1050	 1550	 1	 0	 1	  0.3744	 2
6000	 -6000	 1050	 300	 1	 0	 0	  0.3286	 1
-6000	 6000	 1050	 1050	 1	 0	 0	  1.4013	 2
-12000	 6000	 1050	 1050	 1	 0	 0	  0.7770	 1
6000	 -6000	 1050	 300	 1	 0	 1	  0.3611	 2
-6000	 12000	 1050	 550	 1	 0	 0	  0.4130	 1
-12000	 12000	 1050	 550	 1	 0	 1	  0.2762	 2
12000	 -12000	 1050	 550	 1	 0	 0	  0.2717	 1
6000	 -6000	 1050	 1050	 0	 0	 1	  0.2980	 1
6000	 -6000	 1050	 300	 1	 0	 0	  0.0901	 1
6000	 -6000	 1050	 1050	 1	 0	 1	  0.2443	 2
12000	 -12000	 1050	 800	 1	 0	 1	  0.1869	 1
6000	 -12000	 1050	 550	 1	 0	 0	  1.0240	 1
12000	 -12000	 1050	 1050	 1	 0	 1	  0.7894	 2
12000	 -6000	 1050	 1050	 0	 1	 1	  1.6568	 2
6000	 -12000	 1050	 550	 1	 0	 0	  0.2240	 1
12000	 -6000	 1050	 1300	 0	 1	 1	  1.1307	 1
-12000	 6000	 1050	 1550	 1	 0	 0	  3.3295	 2
-12000	 12000	 1050	 1300	 0	 0	 0	  2.4065	 2
6000	 -12000	 1050	 800	 0	 1	 0	  1.3687	 2
12000	 -12000	 1050	 1800	 1	 0	 0	  0.3809	 2
12000	 -12000	 1050	 300	 0	 1	 1	  0.5723	 1
-6000	 6000	 1050	 1050	 0	 0	 1	  0.7180	 1
12000	 -12000	 1050	 1550	 0	 1	 1	  0.1729	 1
-12000	 12000	 1050	 800	 1	 0	 0	  0.3486	 1
12000	 -6000	 1050	 1550	 1	 0	 0	  0.6032	 2
6000	 -6000	 1050	 550	 0	 0	 0	  1.6939	 1
12000	 -6000	 1050	 1800	 1	 0	 0	  0.4148	 2
6000	 -12000	 1050	 800	 0	 0	 0	  1.2605	 2
-12000	 6000	 1050	 300	 0	 1	 1	  0.1904	 2
-6000	 12000	 1050	 550	 1	 0	 0	  0.0250	 1
-12000	 12000	 1050	 1550	 0	 1	 1	  0.3812	 1
6000	 -6000	 1050	 550	 0	 0	 1	  1.2763	 1
12000	 -12000	 1050	 800	 0	 1	 0	  0.3076	 2
-6000	 12000	 1050	 300	 1	 0	 0	  0.7042	 1
-6000	 12000	 1050	 300	 1	 0	 1	  3.9490	 2
-12000	 12000	 1050	 1550	 1	 0	 0	  1.0443	 2
6000	 -6000	 1050	 550	 1	 0	 1	  0.5113	 2
-6000	 12000	 1050	 1550	 1	 0	 0	  0.3034	 2
-12000	 6000	 1050	 1550	 0	 1	 1	  0.6295	 1
-6000	 12000	 1050	 1300	 1	 0	 1	  0.6378	 1
-12000	 12000	 1050	 550	 0	 0	 0	  0.4802	 1
-12000	 6000	 1050	 1050	 0	 1	 0	  0.3065	 2
12000	 -6000	 1050	 1300	 0	 1	 1	  0.0498	 1
12000	 -12000	 1050	 550	 1	 0	 1	  0.5797	 2
-6000	 12000	 1050	 1550	 0	 0	 1	  0.2576	 2
-6000	 6000	 1050	 550	 1	 0	 0	  0.6479	 1
6000	 -12000	 1050	 800	 0	 0	 0	  1.0877	 1
-12000	 6000	 1050	 300	 0	 1	 0	  0.2707	 1
12000	 -12000	 1050	 800	 1	 0	 0	  0.2911	 1
-6000	 6000	 1050	 1550	 1	 0	 0	  0.3141	 2
12000	 -6000	 1050	 1550	 0	 0	 1	  0.3532	 1
12000	 -6000	 1050	 1050	 1	 0	 1	  1.3391	 2
-6000	 12000	 1050	 300	 0	 1	 1	  1.3664	 2
-12000	 12000	 1050	 1550	 0	 0	 0	  0.2100	 2
-12000	 6000	 1050	 1550	 0	 1	 0	  0.8421	 2
12000	 -12000	 1050	 1800	 1	 0	 0	  0.5013	 2
6000	 -12000	 1050	 1800	 0	 1	 0	  1.1560	 2
-12000	 12000	 1050	 300	 1	 0	 0	  0.1607	 1
12000	 -12000	 1050	 1300	 1	 0	 1	  0.3866	 2
6000	 -6000	 1050	 1550	 0	 0	 1	  0.2834	 2
-12000	 12000	 1050	 300	 0	 1	 0	  0.2557	 1
-12000	 6000	 1050	 800	 0	 1	 0	  0.4285	 2
-6000	 12000	 1050	 1050	 0	 0	 0	  1.6750	 1
6000	 -6000	 1050	 1800	 0	 0	 1	  3.7537	 1
6000	 -12000	 1050	 1800	 1	 0	 1	  1.0419	 2
6000	 -6000	 1050	 550	 1	 0	 0	  0.3288	 1
12000	 -6000	 1050	 1300	 0	 0	 1	  0.4392	 1
-12000	 6000	 1050	 1550	 0	 0	 0	  0.8562	 2
-6000	 12000	 1050	 550	 0	 0	 1	  1.0216	 2
6000	 -12000	 1050	 300	 0	 1	 1	  1.2510	 2
-6000	 6000	 1050	 1050	 1	 0	 1	  0.3378	 2
-12000	 12000	 1050	 1800	 0	 0	 1	  0.4342	 1
6000	 -6000	 1050	 1800	 1	 0	 0	  0.3919	 2
-12000	 6000	 1050	 800	 1	 0	 0	  0.5655	 1
6000	 -12000	 1050	 1550	 0	 1	 1	  4.0209	 1
12000	 -6000	 1050	 300	 0	 0	 1	  0.7658	 2
-12000	 6000	 1050	 1300	 0	 0	 0	  0.9867	 1
6000	 -12000	 1050	 300	 1	 0	 1	  0.3214	 2
-6000	 12000	 1050	 1300	 0	 1	 1	  0.4542	 1
12000	 -12000	 1050	 550	 0	 0	 0	  0.3978	 1
-12000	 6000	 1050	 550	 0	 1	 1	  0.3246	 2
12000	 -12000	 1050	 300	 1	 0	 1	  2.7423	 2
-12000	 12000	 1050	 1800	 0	 1	 1	  0.4113	 1
-6000	 6000	 1050	 1800	 0	 0	 0	  0.6539	 2
12000	 -6000	 1050	 300	 0	 1	 0	  0.2745	 1
-12000	 12000	 1050	 300	 0	 0	 1	  0.4585	 2
12000	 -6000	 1050	 1050	 1	 0	 0	  0.8331	 2
12000	 -12000	 1050	 1800	 0	 1	 0	  0.5037	 2
6000	 -6000	 1050	 1550	 0	 1	 0	  0.2963	 2
6000	 -6000	 1050	 300	 0	 1	 1	  1.2648	 2
12000	 -12000	 1050	 800	 0	 0	 0	  0.8618	 2
6000	 -6000	 1050	 1300	 1	 0	 1	  2.1024	 1
-12000	 12000	 1050	 300	 0	 0	 0	  0.2340	 1
-12000	 12000	 1050	 1050	 0	 1	 0	  0.3356	 2
-6000	 6000	 1050	 550	 0	 0	 1	  0.2830	 2
-6000	 12000	 1050	 1300	 0	 0	 1	  0.4250	 1
-12000	 12000	 1050	 1300	 1	 0	 1	  1.0165	 1
-6000	 12000	 1050	 300	 0	 1	 0	  0.6203	 1
-12000	 6000	 1050	 1300	 0	 1	 1	  0.9302	 1
-6000	 6000	 1050	 800	 0	 1	 1	  1.7147	 1
12000	 -12000	 1050	 1300	 0	 1	 0	  0.3406	 2
12000	 -6000	 1050	 1050	 0	 0	 0	  0.5169	 1
12000	 -6000	 1050	 1550	 1	 0	 0	  1.4360	 2
-12000	 6000	 1050	 1800	 0	 1	 0	  0.7176	 2
-6000	 6000	 1050	 1800	 0	 1	 0	  2.0952	 1
12000	 -12000	 1050	 1550	 0	 1	 0	  0.3237	 2
6000	 -6000	 1050	 1300	 1	 0	 1	  1.0132	 1
6000	 -12000	 1050	 1050	 0	 1	 1	  0.5867	 1
12000	 -6000	 1050	 300	 1	 0	 0	  0.1305	 1
-6000	 12000	 1050	 1050	 0	 1	 0	  0.3079	 1
-6000	 12000	 1050	 550	 0	 1	 1	  0.8684	 2
6000	 -12000	 1050	 300	 0	 1	 0	  0.3932	 1
6000	 -6000	 1050	 800	 0	 0	 0	  0.9639	 2
-12000	 6000	 1050	 1800	 0	 0	 1	  0.6106	 1
-6000	 12000	 1050	 1550	 0	 1	 1	  0.6948	 1
12000	 -6000	 1050	 800	 0	 1	 0	  1.2101	 2
6000	 -6000	 1050	 1050	 0	 0	 1	  0.9582	 2
-6000	 12000	 1050	 1800	 0	 0	 1	  0.5800	 2
-6000	 6000	 1050	 1050	 0	 1	 0	  0.5825	 2
6000	 -6000	 1050	 1300	 0	 1	 0	  1.4812	 2
12000	 -6000	 1050	 1550	 0	 1	 0	  0.3614	 2
-12000	 6000	 1050	 800	 1	 0	 0	  1.0477	 1
6000	 -6000	 1050	 1050	 0	 1	 0	  0.7072	 2
6000	 -6000	 1050	 1550	 1	 0	 1	  0.6093	 2
-12000	 6000	 1050	 300	 0	 0	 0	  0.0511	 1
-6000	 6000	 1050	 1300	 1	 0	 1	  0.6109	 2
-6000	 6000	 1050	 300	 0	 1	 1	  0.2548	 2
6000	 -6000	 1050	 1550	 0	 0	 0	  0.2974	 2
12000	 -6000	 1050	 1050	 1	 0	 1	  0.2637	 2
6000	 -6000	 1050	 800	 0	 1	 1	  0.8709	 1
-6000	 12000	 1050	 300	 0	 1	 0	  2.8140	 1
6000	 -6000	 1050	 1550	 1	 0	 0	  0.3061	 2
12000	 -12000	 1050	 1800	 0	 1	 1	  0.6730	 1
-12000	 12000	 1050	 1300	 0	 0	 1	  0.6270	 1
12000	 -12000	 1050	 1550	 1	 0	 0	  0.0849	 2
-12000	 6000	 1050	 1550	 0	 1	 1	  0.4350	 1
6000	 -6000	 1050	 1050	 0	 0	 0	  0.7067	 2
-6000	 12000	 1050	 550	 0	 1	 1	  1.4047	 2
-6000	 12000	 1050	 1300	 1	 0	 0	  0.8348	 2
6000	 -6000	 1050	 800	 0	 0	 1	  0.4423	 2
-6000	 12000	 1050	 300	 1	 0	 0	  0.4841	 1
-12000	 6000	 1050	 1800	 0	 0	 0	  0.6725	 2
12000	 -12000	 1050	 1300	 1	 0	 0	  0.3826	 2
-12000	 6000	 1050	 800	 0	 0	 0	  0.4496	 1
-12000	 12000	 1050	 800	 1	 0	 1	  0.7438	 2
12000	 -6000	 1050	 1800	 0	 0	 0	  0.7614	 2
6000	 -6000	 1050	 800	 0	 1	 0	  0.2351	 2
12000	 -12000	 1050	 1300	 1	 0	 0	  0.8600	 2
12000	 -12000	 1050	 1550	 1	 0	 1	  0.5847	 1
6000	 -12000	 1050	 800	 0	 1	 1	  0.7245	 1
6000	 -12000	 1050	 550	 0	 0	 0	  1.5864	 1
12000	 -12000	 1050	 800	 0	 1	 1	  3.1552	 2
-12000	 12000	 1050	 550	 0	 0	 1	  0.6313	 2
-6000	 6000	 1050	 1550	 0	 0	 1	  1.0231	 2
12000	 -12000	 1050	 1050	 0	 0	 0	  1.6906	 2
-12000	 6000	 1050	 300	 0	 0	 1	  0.2015	 2
-12000	 12000	 1050	 1550	 1	 0	 0	  0.1430	 1
-6000	 6000	 1050	 1800	 0	 1	 1	  0.6352	 1
6000	 -12000	 1050	 1800	 0	 1	 1	  0.2853	 1
12000	 -6000	 1050	 550	 0	 0	 1	  0.1182	 2
-6000	 6000	 1050	 800	 0	 0	 0	  0.7253	 2
-12000	 12000	 1050	 1300	 0	 1	 0	  0.0288	 2
-6000	 12000	 1050	 1050	 0	 1	 0	  0.2901	 2
12000	 -6000	 1050	 550	 0	 1	 0	  0.2343	 1
6000	 -12000	 1050	 1800	 0	 0	 1	  0.5994	 1
12000	 -12000	 1050	 550	 0	 1	 1	  0.3153	 1
6000	 -12000	 1050	 1300	 0	 0	 0	  2.0941	 1
-6000	 6000	 1050	 550	 0	 1	 1	  2.0398	 2
6000	 -6000	 1050	 550	 0	 1	 1	  0.5743	 2
12000	 -6000	 1050	 1550	 1	 0	 1	  0.3916	 2
6000	 -12000	 1050	 1800	 0	 0	 1	  0.8988	 1
-6000	 6000	 1050	 300	 1	 0	 0	  1.4346	 1
-6000	 12000	 1050	 1800	 1	 0	 0	  0.6787	 2
-12000	 12000	 1050	 1050	 1	 0	 0	  0.4902	 2
-6000	 6000	 1050	 1300	 0	 0	 1	  1.0146	 1
-12000	 12000	 1050	 1800	 0	 1	 0	  0.3991	 2
6000	 -12000	 1050	 1050	 1	 0	 1	  0.2180	 2
6000	 -12000	 1050	 1050	 0	 0	 0	  1.3293	 2
