12000	 -6000	 1050	 1800	 0	 1	 0	  2.2511	 2
-6000	 6000	 1050	 300	 1	 0	 1	  0.4661	 2
-12000	 6000	 1050	 1050	 0	 0	 1	  1.3506	 2
12000	 -12000	 1050	 1050	 1	 0	 1	  0.6301	 2
-12000	 12000	 1050	 1050	 0	 0	 0	  0.9334	 2
6000	 -6000	 1050	 1050	 0	 1	 0	  0.8247	 2
-12000	 12000	 1050	 300	 1	 0	 1	  1.0324	 2
-12000	 6000	 1050	 1800	 0	 1	 1	  0.6524	 1
6000	 -12000	 1050	 550	 0	 1	 0	  0.9254	 2
-12000	 6000	 1050	 1050	 1	 0	 1	  1.2640	 2
12000	 -12000	 1050	 1550	 1	 0	 0	  0.6672	 1
-12000	 12000	 1050	 800	 0	 1	 1	  0.7504	 1
-6000	 6000	 1050	 1050	 0	 0	 1	  0.8094	 2
-6000	 12000	 1050	 1800	 0	 1	 0	  0.8316	 2
12000	 -6000	 1050	 1800	 1	 0	 0	  0.9235	 1
12000	 -12000	 1050	 550	 0	 1	 1	  0.8505	 1
-6000	 12000	 1050	 550	 0	 1	 1	  0.7787	 2
6000	 -6000	 1050	 1050	 1	 0	 1	  0.4796	 2
6000	 -6000	 1050	 550	 0	 1	 1	  0.6971	 1
-12000	 6000	 1050	 1300	 1	 0	 0	  0.7130	 1
-12000	 12000	 1050	 550	 0	 1	 1	  1.0318	 1
-12000	 12000	 1050	 300	 1	 0	 0	  0.6693	 1
-12000	 6000	 1050	 1050	 1	 0	 0	  0.6319	 1
6000	 -12000	 1050	 300	 0	 0	 0	  1.5537	 1
6000	 -12000	 1050	 1300	 1	 0	 0	  1.3150	 1
12000	 -12000	 1050	 1050	 1	 0	 0	  0.6830	 1
-6000	 12000	 1050	 300	 1	 0	 1	  1.1551	 2
12000	 -12000	 1050	 800	 0	 0	 1	  0.7123	 1
-6000	 12000	 1050	 800	 1	 0	 1	  1.1534	 2
12000	 -6000	 1050	 1300	 0	 1	 0	  1.1559	 2
-6000	 12000	 1050	 1550	 0	 1	 0	  0.4574	 2
-6000	 6000	 1050	 1300	 1	 0	 0	  0.6441	 2
6000	 -6000	 1050	 1550	 0	 0	 1	  1.3110	 1
-6000	 6000	 1050	 800	 0	 0	 0	  3.1149	 1
6000	 -6000	 1050	 800	 0	 1	 0	  0.6183	 2
12000	 -12000	 1050	 1550	 1	 0	 1	  0.5770	 2
6000	 -6000	 1050	 1050	 1	 0	 0	  0.6332	 1
6000	 -12000	 1050	 1550	 0	 0	 1	  0.7372	 2
-6000	 6000	 1050	 1550	 1	 0	 1	  0.5701	 1
6000	 -6000	 1050	 1300	 0	 0	 1	  0.8715	 2
-6000	 6000	 1050	 1300	 0	 1	 1	  0.6069	 1
12000	 -12000	 1050	 800	 0	 1	 0	  0.6047	 2
6000	 -12000	 1050	 550	 1	 0	 0	  0.5162	 1
-12000	 12000	 1050	 550	 0	 0	 1	  0.8551	 1
-6000	 6000	 1050	 300	 0	 0	 1	  0.5806	 1
-12000	 6000	 1050	 550	 1	 0	 0	  0.5037	 1
12000	 -6000	 1050	 550	 1	 0	 1	  0.2586	 2
12000	 -6000	 1050	 550	 0	 1	 1	  0.3607	 1
12000	 -12000	 1050	 1550	 0	 1	 0	  0.7496	 2
12000	 -6000	 1050	 1800	 0	 1	 1	  0.4200	 1
-12000	 12000	 1050	 1800	 0	 0	 1	  0.9977	 1
6000	 -12000	 1050	 550	 0	 0	 1	  1.9721	 2
-12000	 12000	 1050	 1050	 0	 0	 1	  2.3717	 1
-12000	 6000	 1050	 1050	 0	 0	 0	  0.8165	 2
6000	 -6000	 1050	 1300	 0	 1	 0	  0.6478	 2
-12000	 6000	 1050	 1300	 0	 1	 1	  0.7718	 1
12000	 -6000	 1050	 1050	 0	 0	 0	  1.1242	 2
12000	 -6000	 1050	 1300	 1	 0	 0	  2.6750	 2
-12000	 6000	 1050	 300	 1	 0	 0	  0.6521	 1
6000	 -12000	 1050	 1050	 0	 0	 0	  0.5024	 2
12000	 -6000	 1050	 300	 1	 0	 0	  0.7138	 1
12000	 -6000	 1050	 550	 0	 0	 0	  2.2298	 2
6000	 -12000	 1050	 550	 1	 0	 1	  0.4342	 2
-6000	 6000	 1050	 1550	 1	 0	 1	  0.8670	 2
6000	 -12000	 1050	 800	 0	 1	 0	  0.3671	 2
6000	 -12000	 1050	 1050	 0	 1	 0	  1.2473	 2
6000	 -12000	 1050	 800	 1	 0	 0	  1.7273	 2
12000	 -12000	 1050	 1300	 0	 0	 1	  1.4427	 2
6000	 -6000	 1050	 800	 0	 1	 0	  0.7689	 2
6000	 -6000	 1050	 1800	 1	 0	 0	  0.6109	 1
-6000	 6000	 1050	 1800	 0	 0	 1	  0.8787	 1
12000	 -12000	 1050	 800	 0	 0	 1	  0.5828	 2
-6000	 6000	 1050	 1300	 0	 1	 1	  1.5823	 1
12000	 -6000	 1050	 1050	 0	 1	 1	  0.7167	 1
-6000	 6000	 1050	 800	 1	 0	 0	  0.6738	 1
-12000	 12000	 1050	 1550	 1	 0	 1	  0.5316	 2
6000	 -6000	 1050	 800	 1	 0	 1	  0.6696	 2
-6000	 12000	 1050	 300	 0	 1	 0	  0.4478	 1
-12000	 6000	 1050	 550	 0	 1	 0	  0.8488	 2
-6000	 12000	 1050	 1300	 0	 1	 0	  1.5650	 2
-6000	 12000	 1050	 1550	 0	 0	 1	  1.5025	 1
6000	 -6000	 1050	 300	 0	 1	 0	  0.4386	 1
12000	 -6000	 1050	 1300	 1	 0	 1	  0.4253	 2
-12000	 12000	 1050	 1300	 0	 1	 0	  0.4040	 2
6000	 -6000	 1050	 800	 0	 0	 0	  1.7144	 2
12000	 -12000	 1050	 550	 0	 0	 0	  0.6752	 1
-12000	 6000	 1050	 550	 1	 0	 1	  0.7667	 2
-12000	 6000	 1050	 800	 1	 0	 1	  1.7773	 2
-12000	 12000	 1050	 550	 1	 0	 0	  1.3966	 1
6000	 -12000	 1050	 1050	 1	 0	 1	  0.4253	 2
-6000	 6000	 1050	 300	 0	 1	 0	  0.3948	 1
-12000	 12000	 1050	 550	 1	 0	 0	  0.3547	 1
6000	 -12000	 1050	 1300	 1	 0	 1	  1.5747	 1
12000	 -6000	 1050	 1050	 1	 0	 1	  0.5405	 1
6000	 -6000	 1050	 1300	 1	 0	 1	  0.3859	 2
12000	 -6000	 1050	 800	 1	 0	 0	  0.4579	 1
-12000	 6000	 1050	 1550	 1	 0	 0	  1.2220	 1
-6000	 6000	 1050	 1800	 0	 1	 0	  0.6374	 2
-6000	 12000	 1050	 1050	 0	 0	 0	  0.9826	 1
6000	 -12000	 1050	 1050	 1	 0	 1	  0.5331	 2
-12000	 12000	 1050	 300	 0	 1	 1	  0.1531	 2
6000	 -12000	 1050	 300	 0	 1	 1	  0.5613	 2
12000	 -6000	 1050	 1050	 0	 0	 1	  0.4632	 2
6000	 -6000	 1050	 800	 1	 0	 0	  0.4091	 1
6000	 -6000	 1050	 1300	 1	 0	 1	  0.4238	 2
-6000	 6000	 1050	 550	 0	 0	 0	  0.6479	 1
-12000	 6000	 1050	 300	 0	 0	 0	  0.5170	 2
6000	 -6000	 1050	 550	 0	 1	 0	  0.5547	 2
6000	 -6000	 1050	 1050	 0	 1	 1	  0.8691	 1
-6000	 12000	 1050	 800	 0	 0	 1	  0.8385	 2
6000	 -12000	 1050	 800	 1	 0	 1	  1.0735	 2
6000	 -12000	 1050	 1550	 0	 0	 0	  1.3284	 1
-12000	 12000	 1050	 1050	 0	 0	 1	  1.0759	 2
12000	 -6000	 1050	 1800	 0	 1	 0	  0.9085	 2
-12000	 6000	 1050	 1050	 1	 0	 0	  1.2528	 1
6000	 -12000	 1050	 550	 0	 1	 1	  0.7839	 1
6000	 -6000	 1050	 800	 0	 1	 1	  0.7830	 1
-6000	 6000	 1050	 300	 0	 0	 1	  2.1085	 2
-12000	 6000	 1050	 800	 0	 1	 0	  0.8800	 2
6000	 -6000	 1050	 1800	 0	 1	 0	  1.2714	 2
12000	 -6000	 1050	 800	 0	 1	 1	  0.7518	 1
12000	 -6000	 1050	 1300	 0	 1	 1	  0.6464	 1
-6000	 12000	 1050	 300	 0	 1	 0	  0.8520	 1
12000	 -12000	 1050	 550	 1	 0	 0	  1.0950	 1
-12000	 12000	 1050	 550	 1	 0	 1	  1.4597	 2
6000	 -12000	 1050	 1800	 0	 0	 1	  1.1188	 1
6000	 -6000	 1050	 800	 1	 0	 0	  1.1353	 1
-12000	 6000	 1050	 800	 1	 0	 0	  1.4275	 1
6000	 -12000	 1050	 300	 1	 0	 1	  0.8559	 2
12000	 -6000	 1050	 1550	 0	 1	 1	  0.8643	 1
-6000	 12000	 1050	 800	 0	 1	 1	  0.5991	 1
12000	 -12000	 1050	 550	 0	 1	 1	  0.5069	 1
6000	 -6000	 1050	 1550	 1	 0	 0	  1.3057	 2
-6000	 12000	 1050	 1800	 0	 0	 1	  2.3480	 1
12000	 -12000	 1050	 550	 1	 0	 1	  0.4018	 2
-6000	 12000	 1050	 1300	 0	 1	 0	  1.1859	 2
12000	 -6000	 1050	 1050	 0	 0	 1	  1.1340	 2
-6000	 12000	 1050	 1800	 0	 1	 1	  0.8936	 1
6000	 -12000	 1050	 800	 1	 0	 1	  0.4379	 2
-6000	 12000	 1050	 1300	 0	 1	 1	  0.3169	 1
-12000	 6000	 1050	 1550	 0	 0	 1	  0.4269	 1
12000	 -12000	 1050	 1300	 0	 1	 0	  0.4285	 2
12000	 -12000	 1050	 550	 0	 0	 1	  0.9038	 2
6000	 -12000	 1050	 1800	 0	 1	 1	  0.4755	 1
-12000	 12000	 1050	 800	 0	 0	 0	  0.5433	 1
12000	 -6000	 1050	 300	 0	 0	 1	  0.4617	 2
-12000	 12000	 1050	 1800	 1	 0	 1	  0.4657	 2
-6000	 6000	 1050	 1550	 0	 1	 1	  0.4682	 1
6000	 -12000	 1050	 1300	 0	 1	 1	  0.3796	 1
-6000	 6000	 1050	 800	 0	 1	 0	  0.4248	 2
-12000	 12000	 1050	 1550	 0	 0	 1	  0.6243	 2
-6000	 12000	 1050	 800	 1	 0	 1	  0.5901	 2
-12000	 6000	 1050	 300	 1	 0	 0	  0.5184	 1
-12000	 6000	 1050	 1550	 0	 1	 1	  0.3273	 1
6000	 -6000	 1050	 800	 1	 0	 1	  0.4676	 2
-6000	 12000	 1050	 1300	 0	 0	 0	  0.3852	 2
-6000	 12000	 1050	 300	 0	 0	 0	  0.5796	 1
-12000	 12000	 1050	 1550	 0	 0	 0	  0.4896	 2
6000	 -6000	 1050	 300	 0	 1	 1	  0.4898	 2
-6000	 12000	 1050	 1550	 0	 1	 1	  0.5644	 1
6000	 -12000	 1050	 1550	 0	 1	 0	  0.5987	 2
12000	 -12000	 1050	 550	 0	 1	 0	  0.9977	 2
12000	 -12000	 1050	 1300	 1	 0	 0	  0.9493	 2
6000	 -12000	 1050	 800	 1	 0	 0	  0.6187	 1
-12000	 12000	 1050	 1800	 0	 0	 0	  0.6369	 2
12000	 -6000	 1050	 800	 0	 0	 0	  0.7822	 2
-12000	 6000	 1050	 1800	 1	 0	 1	  0.4884	 2
-12000	 12000	 1050	 300	 0	 0	 0	  0.5159	 1
-12000	 6000	 1050	 1050	 0	 1	 1	  0.4350	 1
12000	 -12000	 1050	 1800	 0	 0	 1	  0.3304	 1
12000	 -12000	 1050	 300	 1	 0	 0	  1.4434	 1
-12000	 12000	 1050	 300	 0	 1	 1	  0.6355	 1
12000	 -6000	 1050	 1300	 0	 0	 0	  0.4301	 2
-6000	 12000	 1050	 1050	 0	 1	 1	  0.3861	 1
-6000	 12000	 1050	 1300	 1	 0	 0	  0.3794	 1
-12000	 6000	 1050	 1550	 0	 0	 0	  0.5497	 1
-6000	 6000	 1050	 800	 0	 1	 1	  0.5752	 1
6000	 -12000	 1050	 550	 0	 0	 1	  0.6990	 1
6000	 -12000	 1050	 550	 0	 1	 0	  0.3375	 1
12000	 -6000	 1050	 1050	 0	 1	 0	  0.4542	 2
12000	 -12000	 1050	 300	 0	 0	 0	  1.6027	 1
6000	 -12000	 1050	 300	 0	 0	 1	  1.0612	 2
-12000	 12000	 1050	 550	 0	 0	 1	  0.8851	 2
-12000	 6000	 1050	 1800	 0	 0	 0	  0.6668	 2
-6000	 12000	 1050	 1300	 1	 0	 1	  0.5285	 2
12000	 -6000	 1050	 1800	 0	 0	 0	  2.5793	 2
-6000	 12000	 1050	 300	 0	 1	 1	  1.6772	 2
-12000	 6000	 1050	 1800	 0	 1	 0	  0.4303	 2
6000	 -12000	 1050	 1550	 0	 0	 1	  1.6997	 2
12000	 -12000	 1050	 1550	 1	 0	 0	  0.3221	 2
-12000	 6000	 1050	 550	 0	 1	 0	  0.5426	 2
12000	 -6000	 1050	 1050	 1	 0	 1	  0.3668	 2
-6000	 6000	 1050	 550	 1	 0	 0	  0.3272	 1
6000	 -12000	 1050	 300	 0	 1	 0	  0.3969	 1
-12000	 12000	 1050	 1050	 0	 1	 0	  0.3228	 2
6000	 -6000	 1050	 550	 0	 1	 1	  1.5550	 1
12000	 -12000	 1050	 1300	 1	 0	 1	  0.5491	 2
6000	 -6000	 1050	 1050	 0	 0	 1	  0.2842	 2
12000	 -6000	 1050	 800	 0	 1	 0	  0.3258	 2
-12000	 6000	 1050	 1800	 0	 0	 0	  0.3508	 2
12000	 -12000	 1050	 1550	 0	 0	 1	  0.2785	 1
-12000	 12000	 1050	 1550	 0	 1	 1	  0.3119	 1
-6000	 6000	 1050	 800	 0	 1	 0	  0.3689	 2
12000	 -12000	 1050	 800	 0	 1	 1	  0.9180	 1
-12000	 12000	 1050	 300	 0	 1	 0	  0.8248	 1
-6000	 6000	 1050	 1550	 0	 1	 0	  0.4365	 2
-12000	 6000	 1050	 800	 0	 0	 1	  0.8442	 1
-12000	 12000	 1050	 1050	 1	 0	 1	  0.7093	 2
12000	 -12000	 1050	 1800	 0	 1	 1	  1.1580	 1
6000	 -12000	 1050	 550	 0	 0	 0	  4.6198	 1
6000	 -12000	 1050	 800	 0	 0	 1	  0.7481	 2
-6000	 12000	 1050	 550	 0	 0	 1	  0.4520	 1
-6000	 12000	 1050	 1050	 0	 1	 1	  0.2940	 2
12000	 -12000	 1050	 1050	 0	 1	 0	  0.3345	 2
-12000	 12000	 1050	 300	 0	 0	 1	  1.5357	 2
6000	 -12000	 1050	 800	 0	 1	 1	  0.4819	 1
-6000	 6000	 1050	 300	 0	 1	 1	  2.5836	 1
12000	 -12000	 1050	 300	 0	 0	 1	  0.3881	 2
-6000	 6000	 1050	 550	 0	 0	 0	  1.3788	 2
-6000	 12000	 1050	 1300	 1	 0	 0	  0.4896	 1
12000	 -6000	 1050	 1300	 0	 0	 0	  0.3450	 2
12000	 -6000	 1050	 300	 0	 1	 1	  0.4637	 2
6000	 -12000	 1050	 550	 1	 0	 1	  0.4447	 2
-6000	 12000	 1050	 1050	 1	 0	 1	  0.3646	 2
12000	 -12000	 1050	 1550	 0	 1	 1	  0.3774	 1
-6000	 12000	 1050	 1550	 1	 0	 0	  0.5142	 2
-12000	 6000	 1050	 300	 1	 0	 1	  0.7385	 2
6000	 -12000	 1050	 1300	 1	 0	 1	  0.6822	 1
12000	 -12000	 1050	 1300	 0	 1	 1	  0.8449	 1
6000	 -6000	 1050	 1800	 1	 0	 0	  0.9643	 2
12000	 -12000	 1050	 1300	 0	 0	 0	  0.2289	 2
-12000	 12000	 1050	 300	 1	 0	 0	  0.4209	 1
6000	 -6000	 1050	 300	 1	 0	 1	  0.3823	 2
12000	 -6000	 1050	 800	 1	 0	 1	  2.1607	 2
6000	 -6000	 1050	 1800	 0	 1	 1	  4.2785	 2
-12000	 12000	 1050	 800	 0	 1	 1	  0.7545	 2
-6000	 6000	 1050	 1800	 1	 0	 0	  0.6169	 2
-12000	 6000	 1050	 550	 0	 1	 1	  0.5234	 2
-12000	 6000	 1050	 550	 0	 0	 0	  0.5577	 1
-12000	 6000	 1050	 300	 0	 1	 0	  0.5578	 1
-6000	 6000	 1050	 1050	 0	 0	 0	  0.6010	 1
-12000	 12000	 1050	 550	 0	 1	 1	  0.3644	 1
6000	 -12000	 1050	 1800	 0	 1	 0	  0.8460	 2
-12000	 6000	 1050	 1800	 0	 0	 1	  0.5242	 1
12000	 -12000	 1050	 1300	 0	 1	 1	  0.5760	 1
-12000	 6000	 1050	 800	 1	 0	 0	  0.4897	 1
-6000	 12000	 1050	 1800	 0	 0	 1	  4.1818	 2
12000	 -12000	 1050	 1800	 0	 1	 0	  0.3537	 2
6000	 -6000	 1050	 300	 0	 1	 0	  0.3304	 1
-12000	 6000	 1050	 300	 1	 0	 1	  0.8604	 2
12000	 -6000	 1050	 300	 1	 0	 1	  6.7546	 2
12000	 -12000	 1050	 1300	 0	 0	 1	  1.7033	 1
-12000	 12000	 1050	 1550	 0	 1	 0	  1.5342	 2
12000	 -6000	 1050	 1050	 0	 1	 1	  3.1508	 1
6000	 -12000	 1050	 1300	 0	 1	 0	  0.5443	 2
-6000	 12000	 1050	 550	 1	 0	 1	  0.4794	 2
12000	 -12000	 1050	 300	 1	 0	 1	  0.9849	 2
6000	 -12000	 1050	 1300	 0	 0	 1	  0.4050	 1
-6000	 12000	 1050	 800	 1	 0	 0	  0.7236	 1
-6000	 6000	 1050	 1550	 0	 0	 0	  0.3329	 2
12000	 -6000	 1050	 1050	 1	 0	 0	  2.0120	 1
-12000	 12000	 1050	 1800	 0	 0	 0	  0.4407	 2
6000	 -12000	 1050	 1050	 0	 1	 1	  0.3085	 1
12000	 -6000	 1050	 1300	 1	 0	 1	  1.0968	 2
12000	 -12000	 1050	 1050	 0	 0	 1	  0.9029	 1
12000	 -6000	 1050	 300	 1	 0	 1	  0.6473	 2
12000	 -12000	 1050	 550	 1	 0	 0	  1.0883	 1
-12000	 12000	 1050	 800	 0	 1	 0	  0.3761	 2
-6000	 6000	 1050	 1550	 0	 0	 0	  1.5731	 2
12000	 -12000	 1050	 800	 0	 1	 0	  1.8649	 2
-6000	 12000	 1050	 800	 0	 1	 1	  0.4711	 1
-12000	 6000	 1050	 800	 1	 0	 1	  1.2545	 1
6000	 -12000	 1050	 300	 0	 0	 1	  3.2468	 1
6000	 -6000	 1050	 1550	 0	 0	 0	  0.3994	 2
12000	 -6000	 1050	 1300	 1	 0	 0	  0.3246	 2
6000	 -6000	 1050	 1800	 0	 0	 0	  0.3224	 2
12000	 -12000	 1050	 1800	 0	 0	 0	  0.3338	 2
6000	 -6000	 1050	 1550	 0	 1	 1	  0.3822	 1
-6000	 12000	 1050	 300	 1	 0	 1	  0.3355	 2
-6000	 12000	 1050	 1300	 0	 1	 1	  0.2860	 1
-12000	 12000	 1050	 1300	 0	 1	 0	  0.3963	 2
-12000	 6000	 1050	 300	 0	 1	 1	  1.2268	 2
12000	 -6000	 1050	 800	 0	 0	 1	  0.7401	 1
12000	 -12000	 1050	 800	 0	 0	 0	  1.3657	 1
-12000	 12000	 1050	 1550	 1	 0	 0	  0.4298	 2
12000	 -12000	 1050	 800	 1	 0	 0	  0.2876	 1
-12000	 6000	 1050	 550	 0	 0	 1	  0.6744	 2
12000	 -6000	 1050	 300	 0	 0	 1	  0.3291	 2
6000	 -12000	 1050	 1550	 1	 0	 0	  0.3062	 1
-6000	 12000	 1050	 1550	 0	 1	 0	  0.9430	 2
-6000	 12000	 1050	 550	 0	 1	 0	  0.3585	 1
-6000	 12000	 1050	 1800	 1	 0	 1	  0.4603	 2
6000	 -6000	 1050	 1550	 1	 0	 1	  0.4345	 2
6000	 -6000	 1050	 300	 0	 0	 0	  0.3799	 1
-12000	 12000	 1050	 550	 0	 0	 0	  0.3662	 1
-6000	 6000	 1050	 1800	 1	 0	 1	  0.6889	 2
6000	 -6000	 1050	 1050	 0	 0	 0	  1.1695	 1
6000	 -6000	 1050	 550	 0	 0	 0	  0.3824	 1
-12000	 6000	 1050	 300	 0	 0	 1	  0.4612	 2
12000	 -12000	 1050	 1800	 0	 0	 0	  0.5545	 2
-6000	 12000	 1050	 1050	 1	 0	 1	  0.3315	 2
12000	 -6000	 1050	 1550	 0	 0	 0	  0.6309	 2
-12000	 12000	 1050	 1550	 0	 0	 1	  0.5172	 2
-12000	 12000	 1050	 800	 1	 0	 0	  0.9167	 1
6000	 -6000	 1050	 300	 0	 0	 1	  0.3449	 2
6000	 -12000	 1050	 300	 1	 0	 0	  0.3632	 1
-12000	 12000	 1050	 1050	 0	 1	 0	  0.3640	 2
12000	 -12000	 1050	 1050	 0	 1	 0	  0.6226	 2
12000	 -12000	 1050	 550	 0	 0	 1	  0.4819	 2
-6000	 12000	 1050	 1550	 1	 0	 1	  0.4774	 2
12000	 -12000	 1050	 1800	 0	 1	 1	  0.4430	 2
12000	 -12000	 1050	 1050	 0	 1	 1	  0.3094	 1
-12000	 12000	 1050	 1300	 1	 0	 1	  0.4415	 2
6000	 -12000	 1050	 1800	 1	 0	 1	  1.0223	 2
-6000	 6000	 1050	 1800	 0	 0	 1	  0.3733	 1
-12000	 6000	 1050	 1050	 0	 1	 1	  0.0070	 1
-6000	 6000	 1050	 1300	 0	 0	 1	  0.4229	 1
6000	 -12000	 1050	 1300	 0	 0	 1	  0.3523	 1
12000	 -6000	 1050	 1550	 0	 0	 1	  0.3525	 1
-6000	 12000	 1050	 800	 0	 1	 0	  0.4482	 2
-6000	 12000	 1050	 1300	 0	 0	 0	  1.0775	 2
6000	 -6000	 1050	 1300	 0	 1	 1	  0.3272	 1
12000	 -12000	 1050	 1050	 1	 0	 1	  0.3552	 2
12000	 -6000	 1050	 1800	 1	 0	 1	  0.5106	 2
6000	 -6000	 1050	 1050	 0	 0	 1	  0.3667	 1
12000	 -6000	 1050	 800	 0	 0	 0	  0.3903	 1
-6000	 12000	 1050	 1800	 0	 0	 0	  0.3576	 2
-6000	 12000	 1050	 800	 0	 0	 0	  0.3306	 1
-6000	 12000	 1050	 800	 0	 0	 0	  1.0670	 1
-6000	 6000	 1050	 550	 0	 1	 1	  1.9173	 1
12000	 -6000	 1050	 550	 0	 1	 0	  0.3858	 2
-6000	 6000	 1050	 1050	 0	 1	 0	  0.5709	 2
6000	 -6000	 1050	 1550	 0	 0	 0	  0.6919	 1
-6000	 6000	 1050	 300	 1	 0	 0	  0.3885	 1
6000	 -6000	 1050	 1050	 1	 0	 0	  0.6736	 1
-12000	 12000	 1050	 300	 0	 1	 0	  0.3588	 1
-12000	 12000	 1050	 300	 0	 0	 1	  0.3590	 2
12000	 -12000	 1050	 1050	 0	 0	 0	  1.2599	 1
-12000	 6000	 1050	 1550	 1	 0	 1	  0.4455	 2
12000	 -12000	 1050	 1800	 1	 0	 1	  0.6634	 2
6000	 -12000	 1050	 300	 0	 1	 1	  0.4893	 2
-6000	 6000	 1050	 1050	 1	 0	 1	  0.4079	 2
-12000	 6000	 1050	 1300	 0	 1	 0	  0.3876	 2
-12000	 12000	 1050	 1050	 1	 0	 0	  0.5142	 1
-12000	 12000	 1050	 1800	 1	 0	 1	  0.3010	 1
-6000	 6000	 1050	 1300	 1	 0	 1	  0.4069	 2
-12000	 12000	 1050	 800	 1	 0	 1	  0.3535	 2
12000	 -6000	 1050	 550	 0	 0	 0	  0.3176	 1
12000	 -12000	 1050	 800	 1	 0	 1	  0.4820	 2
-12000	 6000	 1050	 1300	 1	 0	 1	  0.2933	 2
12000	 -6000	 1050	 800	 0	 1	 0	  0.3418	 2
-12000	 6000	 1050	 1300	 0	 0	 0	  0.3877	 1
-6000	 6000	 1050	 550	 0	 0	 1	  0.5478	 2
6000	 -12000	 1050	 1800	 1	 0	 1	  0.3160	 2
-12000	 12000	 1050	 1800	 1	 0	 0	  0.3168	 2
12000	 -12000	 1050	 300	 0	 1	 0	  0.1400	 1
12000	 -12000	 1050	 1550	 0	 0	 0	  0.3114	 2
-12000	 6000	 1050	 1300	 0	 1	 0	  0.9682	 2
12000	 -6000	 1050	 1300	 0	 0	 1	  0.4659	 1
6000	 -12000	 1050	 1800	 1	 0	 0	  0.2425	 2
6000	 -12000	 1050	 1050	 0	 1	 0	  0.9273	 2
6000	 -12000	 1050	 300	 1	 0	 1	  0.6875	 2
-12000	 12000	 1050	 1300	 1	 0	 0	  0.4308	 2
-6000	 6000	 1050	 800	 1	 0	 0	  0.3423	 1
-12000	 6000	 1050	 1300	 1	 0	 1	  0.4519	 2
12000	 -12000	 1050	 1800	 0	 1	 0	  0.4249	 2
12000	 -6000	 1050	 550	 0	 0	 1	  0.4907	 1
6000	 -12000	 1050	 800	 0	 1	 0	  0.7822	 2
6000	 -6000	 1050	 1300	 0	 0	 0	  1.2251	 2
-12000	 12000	 1050	 1050	 0	 0	 0	  3.8641	 2
12000	 -6000	 1050	 550	 1	 0	 0	  0.3342	 1
-12000	 6000	 1050	 1300	 0	 1	 1	  0.3116	 1
-12000	 6000	 1050	 1800	 0	 0	 1	  2.5260	 2
6000	 -6000	 1050	 1800	 0	 0	 0	  0.2384	 2
6000	 -12000	 1050	 800	 0	 0	 0	  0.3563	 1
12000	 -6000	 1050	 800	 1	 0	 1	  0.2970	 2
-6000	 12000	 1050	 300	 0	 0	 1	  0.4246	 2
-6000	 12000	 1050	 550	 0	 0	 1	  0.3778	 2
6000	 -12000	 1050	 1800	 0	 0	 0	  0.6633	 1
12000	 -6000	 1050	 1550	 1	 0	 1	  0.5793	 2
-6000	 12000	 1050	 1800	 0	 0	 0	  0.5519	 2
-12000	 12000	 1050	 1800	 0	 1	 0	  0.5417	 2
-6000	 12000	 1050	 550	 1	 0	 0	  0.3418	 1
-12000	 12000	 1050	 300	 0	 0	 0	  0.6796	 1
6000	 -6000	 1050	 1300	 1	 0	 0	  0.5331	 1
-12000	 6000	 1050	 1550	 0	 0	 1	  0.6642	 2
-12000	 12000	 1050	 1050	 1	 0	 0	  0.6618	 1
6000	 -6000	 1050	 550	 1	 0	 0	  0.8294	 1
12000	 -12000	 1050	 300	 0	 1	 1	  0.7985	 1
12000	 -6000	 1050	 1550	 1	 0	 0	  1.2414	 2
6000	 -12000	 1050	 300	 1	 0	 0	  1.4154	 1
6000	 -6000	 1050	 1800	 0	 1	 0	  0.4118	 2
12000	 -6000	 1050	 1800	 0	 0	 1	  0.3676	 1
-12000	 6000	 1050	 800	 0	 1	 1	  0.4700	 1
12000	 -6000	 1050	 1300	 0	 1	 1	  0.3213	 1
-6000	 12000	 1050	 1800	 1	 0	 1	  0.3356	 2
12000	 -12000	 1050	 1800	 1	 0	 1	  0.3295	 2
-6000	 6000	 1050	 1050	 0	 1	 1	  0.3256	 1
-12000	 12000	 1050	 1050	 0	 1	 1	  0.3700	 1
12000	 -12000	 1050	 300	 0	 1	 0	  0.3013	 1
6000	 -6000	 1050	 1300	 0	 1	 0	  1.6866	 2
12000	 -6000	 1050	 550	 1	 0	 0	  0.5666	 1
-12000	 6000	 1050	 300	 0	 0	 0	  0.2784	 1
-12000	 12000	 1050	 1800	 0	 1	 1	  0.3935	 1
6000	 -6000	 1050	 300	 0	 0	 1	  0.2859	 2
6000	 -12000	 1050	 1550	 1	 0	 0	  0.2746	 2
-12000	 12000	 1050	 1300	 0	 1	 1	  0.7155	 1
-12000	 12000	 1050	 1300	 0	 0	 0	  0.3745	 2
6000	 -6000	 1050	 1300	 1	 0	 0	  0.2877	 2
12000	 -6000	 1050	 1050	 0	 0	 0	  0.3583	 2
6000	 -6000	 1050	 1550	 0	 1	 0	  0.2959	 2
6000	 -6000	 1050	 300	 1	 0	 1	  0.2927	 2
-12000	 12000	 1050	 550	 0	 1	 0	  0.3570	 1
-12000	 6000	 1050	 550	 0	 0	 0	  0.4064	 1
-12000	 6000	 1050	 550	 1	 0	 1	  0.3817	 2
12000	 -6000	 1050	 1550	 0	 1	 1	  2.2456	 2
-6000	 12000	 1050	 1800	 0	 1	 0	  0.3123	 2
12000	 -6000	 1050	 300	 0	 0	 0	  0.2364	 1
-6000	 6000	 1050	 800	 0	 0	 1	  0.3136	 2
12000	 -6000	 1050	 1800	 1	 0	 1	  0.7888	 1
-12000	 6000	 1050	 1800	 1	 0	 0	  0.7814	 1
12000	 -6000	 1050	 550	 0	 1	 0	  0.3695	 2
-6000	 6000	 1050	 550	 1	 0	 1	  0.3321	 2
6000	 -6000	 1050	 1800	 0	 0	 1	  0.2796	 1
12000	 -6000	 1050	 1800	 0	 0	 0	  0.2723	 1
-6000	 6000	 1050	 1800	 1	 0	 0	  0.3118	 1
12000	 -12000	 1050	 1550	 1	 0	 1	  0.3014	 2
12000	 -12000	 1050	 1050	 1	 0	 0	  0.3463	 1
6000	 -12000	 1050	 300	 0	 1	 0	  0.4314	 1
-6000	 6000	 1050	 300	 0	 0	 0	  0.4229	 1
12000	 -12000	 1050	 1050	 0	 0	 1	  0.3433	 2
12000	 -12000	 1050	 800	 1	 0	 1	  0.3589	 2
-6000	 6000	 1050	 300	 0	 1	 0	  0.2704	 1
6000	 -12000	 1050	 1300	 0	 1	 1	  0.3925	 1
12000	 -12000	 1050	 800	 0	 0	 0	  0.7490	 1
-12000	 12000	 1050	 1800	 0	 0	 1	  1.2703	 1
12000	 -6000	 1050	 300	 0	 1	 0	  1.5372	 1
6000	 -6000	 1050	 1550	 0	 1	 1	  0.3310	 1
-6000	 12000	 1050	 1550	 0	 0	 0	  0.7639	 2
6000	 -6000	 1050	 800	 0	 1	 1	  0.2718	 1
6000	 -6000	 1050	 1550	 0	 1	 0	  0.3786	 2
-12000	 6000	 1050	 550	 0	 0	 1	  0.2786	 2
12000	 -6000	 1050	 1800	 0	 0	 1	  0.3329	 1
-12000	 6000	 1050	 550	 0	 1	 1	  0.8903	 1
-6000	 12000	 1050	 1550	 0	 1	 1	  0.3211	 1
-12000	 6000	 1050	 1050	 0	 1	 0	  0.4323	 2
12000	 -12000	 1050	 1050	 0	 0	 0	  0.5626	 1
-6000	 12000	 1050	 1050	 0	 0	 1	  0.3109	 2
12000	 -12000	 1050	 1550	 0	 1	 1	  0.3212	 1
-12000	 12000	 1050	 800	 0	 0	 0	  1.7898	 2
6000	 -6000	 1050	 300	 0	 0	 0	  0.2949	 1
12000	 -12000	 1050	 1800	 1	 0	 0	  0.3873	 2
-6000	 6000	 1050	 1550	 0	 1	 0	  0.3050	 2
-12000	 6000	 1050	 1550	 0	 1	 0	  0.5181	 2
-6000	 6000	 1050	 800	 1	 0	 1	  1.6313	 2
-6000	 12000	 1050	 800	 1	 0	 0	  0.6298	 1
-12000	 6000	 1050	 1800	 1	 0	 0	  0.4330	 1
-6000	 12000	 1050	 1300	 0	 0	 1	  0.3706	 1
12000	 -12000	 1050	 1550	 0	 0	 0	  0.4738	 2
-12000	 6000	 1050	 1800	 0	 1	 1	  0.4035	 1
6000	 -12000	 1050	 1300	 0	 0	 0	  0.3234	 2
-12000	 6000	 1050	 1300	 0	 0	 1	  0.1110	 2
-12000	 12000	 1050	 800	 1	 0	 0	  0.3712	 1
-12000	 6000	 1050	 300	 0	 1	 0	  0.4448	 1
-12000	 6000	 1050	 800	 0	 0	 0	  0.3890	 2
12000	 -6000	 1050	 1550	 1	 0	 1	  0.1511	 2
6000	 -6000	 1050	 550	 0	 1	 0	  0.4665	 2
-6000	 12000	 1050	 550	 0	 0	 0	  0.2679	 1
6000	 -6000	 1050	 1550	 1	 0	 0	  0.3364	 2
6000	 -6000	 1050	 1050	 0	 1	 0	  0.4788	 2
-12000	 12000	 1050	 300	 1	 0	 1	  0.3837	 2
6000	 -12000	 1050	 300	 0	 0	 0	  0.3891	 1
6000	 -12000	 1050	 1550	 1	 0	 1	  1.2642	 1
6000	 -12000	 1050	 800	 0	 1	 1	  0.3687	 1
-12000	 12000	 1050	 800	 0	 1	 0	  0.3306	 1
12000	 -6000	 1050	 300	 1	 0	 0	  0.2900	 1
6000	 -12000	 1050	 1550	 0	 0	 0	  0.3596	 2
6000	 -12000	 1050	 1800	 1	 0	 0	  0.7552	 2
-12000	 6000	 1050	 1300	 1	 0	 0	  0.4088	 2
-6000	 6000	 1050	 1800	 0	 1	 0	  0.3462	 2
12000	 -12000	 1050	 550	 0	 0	 0	  0.2275	 1
-12000	 12000	 1050	 1300	 0	 0	 1	  1.5750	 1
12000	 -6000	 1050	 1550	 1	 0	 0	  0.3165	 2
6000	 -12000	 1050	 1050	 1	 0	 0	  0.2509	 1
12000	 -6000	 1050	 1550	 0	 1	 0	  0.2920	 2
6000	 -12000	 1050	 1050	 1	 0	 0	  0.7679	 1
-12000	 12000	 1050	 800	 0	 0	 1	  0.3105	 2
-6000	 6000	 1050	 1050	 0	 1	 1	  0.2967	 1
6000	 -6000	 1050	 550	 1	 0	 1	  0.4465	 2
-12000	 12000	 1050	 1800	 0	 1	 1	  0.2928	 1
6000	 -6000	 1050	 1050	 1	 0	 1	  0.2981	 2
-6000	 6000	 1050	 1050	 0	 0	 1	  0.5517	 2
6000	 -6000	 1050	 300	 1	 0	 0	  0.3272	 1
6000	 -6000	 1050	 1050	 0	 1	 1	  0.7956	 2
-12000	 6000	 1050	 300	 0	 1	 1	  0.5836	 2
12000	 -6000	 1050	 300	 0	 1	 1	  0.3397	 2
-6000	 6000	 1050	 1550	 0	 1	 1	  0.3657	 1
12000	 -6000	 1050	 550	 0	 1	 1	  0.3276	 1
-12000	 12000	 1050	 550	 1	 0	 1	  0.4164	 2
12000	 -6000	 1050	 1300	 0	 0	 1	  0.4379	 1
-6000	 6000	 1050	 300	 0	 0	 0	  0.2697	 1
12000	 -6000	 1050	 300	 0	 0	 0	  0.4367	 1
6000	 -6000	 1050	 1050	 0	 0	 0	  0.7172	 2
-6000	 12000	 1050	 550	 0	 1	 0	  0.4376	 2
-6000	 12000	 1050	 800	 0	 0	 1	  0.8217	 2
-12000	 12000	 1050	 1300	 0	 1	 1	  0.3509	 1
12000	 -12000	 1050	 1550	 0	 1	 0	  0.3103	 2
-6000	 6000	 1050	 1300	 0	 0	 1	  0.3126	 2
-12000	 12000	 1050	 1550	 0	 1	 0	  0.4458	 2
6000	 -6000	 1050	 1300	 0	 0	 1	  0.3296	 1
6000	 -12000	 1050	 1800	 0	 0	 1	  0.2870	 1
-6000	 6000	 1050	 300	 0	 1	 1	  0.3081	 2
6000	 -12000	 1050	 1800	 0	 1	 1	  0.3251	 1
-6000	 12000	 1050	 300	 0	 1	 1	  0.4794	 2
12000	 -6000	 1050	 1550	 0	 0	 0	  0.3305	 2
-12000	 12000	 1050	 800	 0	 0	 1	  0.5906	 2
-12000	 12000	 1050	 550	 0	 1	 0	  0.2385	 1
6000	 -6000	 1050	 1550	 1	 0	 1	  0.5386	 2
-6000	 6000	 1050	 550	 0	 0	 1	  0.3551	 2
12000	 -12000	 1050	 300	 0	 1	 1	  1.1004	 1
12000	 -12000	 1050	 300	 0	 0	 0	  0.2663	 1
-6000	 12000	 1050	 300	 0	 0	 0	  0.1644	 1
-12000	 12000	 1050	 1800	 0	 1	 0	  0.3516	 2
-6000	 12000	 1050	 1050	 0	 1	 0	  0.5527	 2
-6000	 12000	 1050	 1300	 1	 0	 1	  0.5381	 2
-12000	 6000	 1050	 800	 0	 1	 1	  0.4077	 1
-6000	 6000	 1050	 1300	 0	 1	 0	  0.4018	 2
12000	 -6000	 1050	 800	 0	 0	 1	  0.2059	 1
-6000	 12000	 1050	 1800	 1	 0	 0	  0.7205	 2
-6000	 12000	 1050	 1050	 0	 1	 0	  1.2066	 2
-12000	 6000	 1050	 300	 0	 0	 1	  0.5352	 2
6000	 -12000	 1050	 1800	 0	 1	 0	  0.2995	 2
12000	 -12000	 1050	 1300	 1	 0	 0	  0.5452	 2
6000	 -12000	 1050	 1300	 0	 1	 0	  0.3122	 2
6000	 -6000	 1050	 1300	 0	 0	 0	  0.3803	 2
-6000	 12000	 1050	 300	 1	 0	 0	  0.0563	 1
6000	 -6000	 1050	 800	 0	 0	 1	  0.6023	 2
12000	 -6000	 1050	 800	 0	 1	 1	  0.4463	 1
-12000	 12000	 1050	 1300	 1	 0	 0	  0.5052	 2
-6000	 12000	 1050	 1550	 0	 0	 1	  0.5193	 1
6000	 -6000	 1050	 550	 0	 0	 0	  0.3882	 1
-12000	 12000	 1050	 1800	 1	 0	 0	  0.3512	 2
-6000	 6000	 1050	 550	 0	 1	 0	  0.4013	 1
12000	 -12000	 1050	 1050	 0	 1	 1	  1.1794	 1
-12000	 12000	 1050	 800	 1	 0	 1	  0.2974	 2
-6000	 6000	 1050	 1800	 0	 0	 0	  0.4303	 2
6000	 -6000	 1050	 1300	 0	 1	 1	  0.2950	 1
-12000	 6000	 1050	 1050	 1	 0	 1	  1.4215	 2
6000	 -6000	 1050	 550	 0	 0	 1	  0.4879	 2
-12000	 12000	 1050	 1550	 1	 0	 0	  0.6483	 2
-6000	 6000	 1050	 1550	 1	 0	 0	  0.3196	 2
-6000	 6000	 1050	 1800	 0	 1	 1	  0.3322	 1
12000	 -6000	 1050	 800	 1	 0	 0	  0.6315	 1
12000	 -12000	 1050	 1300	 0	 1	 0	  1.5747	 2
12000	 -6000	 1050	 1050	 1	 0	 0	  2.3967	 2
6000	 -6000	 1050	 800	 0	 0	 0	  0.3983	 2
6000	 -6000	 1050	 550	 0	 0	 1	  0.4936	 2
12000	 -12000	 1050	 1800	 0	 0	 1	  2.0317	 1
-6000	 6000	 1050	 1300	 0	 0	 0	  1.0042	 1
6000	 -12000	 1050	 1550	 0	 1	 1	  0.3219	 1
-6000	 6000	 1050	 800	 0	 0	 1	  0.5853	 2
12000	 -6000	 1050	 1300	 0	 1	 0	  0.5030	 2
-6000	 12000	 1050	 1050	 1	 0	 0	  1.1030	 1
-6000	 6000	 1050	 300	 1	 0	 1	  0.3568	 2
-12000	 6000	 1050	 550	 1	 0	 0	  0.3970	 1
-6000	 6000	 1050	 800	 0	 0	 0	  0.9870	 1
6000	 -6000	 1050	 550	 1	 0	 0	  0.8414	 1
6000	 -12000	 1050	 550	 0	 1	 1	  1.3186	 1
-6000	 12000	 1050	 800	 0	 1	 0	  0.4354	 2
-12000	 6000	 1050	 1550	 0	 1	 1	  0.2692	 1
-12000	 6000	 1050	 1550	 0	 1	 0	  0.3542	 2
6000	 -6000	 1050	 800	 0	 0	 1	  0.3955	 2
12000	 -6000	 1050	 1050	 0	 1	 0	  0.4257	 2
6000	 -6000	 1050	 1800	 1	 0	 1	  0.4072	 2
12000	 -12000	 1050	 300	 1	 0	 1	  0.4606	 2
-6000	 12000	 1050	 550	 0	 0	 0	  0.1972	 1
-6000	 12000	 1050	 550	 1	 0	 1	  0.3787	 2
-6000	 12000	 1050	 1300	 0	 0	 1	  0.3661	 2
12000	 -6000	 1050	 1800	 0	 1	 1	  1.2070	 1
12000	 -12000	 1050	 1800	 1	 0	 0	  0.2524	 2
-6000	 6000	 1050	 550	 0	 1	 1	  0.9075	 2
6000	 -12000	 1050	 800	 0	 0	 1	  0.7061	 1
-12000	 6000	 1050	 1300	 0	 0	 0	  0.2161	 2
-6000	 6000	 1050	 1050	 0	 1	 0	  0.3215	 2
12000	 -12000	 1050	 550	 1	 0	 1	  0.3615	 2
-6000	 12000	 1050	 300	 1	 0	 0	  0.1534	 1
-12000	 12000	 1050	 1550	 0	 0	 0	  0.3118	 2
-6000	 6000	 1050	 1800	 0	 1	 1	  0.3716	 1
6000	 -12000	 1050	 1550	 0	 1	 0	  0.3979	 2
6000	 -12000	 1050	 1550	 0	 1	 1	  0.3755	 1
12000	 -12000	 1050	 550	 0	 1	 0	  0.2459	 1
-6000	 12000	 1050	 300	 0	 0	 1	  0.7245	 2
12000	 -12000	 1050	 800	 0	 1	 1	  0.2850	 1
-12000	 12000	 1050	 1300	 0	 0	 0	  0.2258	 2
-6000	 6000	 1050	 1050	 0	 0	 0	  0.5252	 2
-6000	 12000	 1050	 1550	 1	 0	 0	  0.2307	 2
-6000	 6000	 1050	 1550	 0	 0	 1	  0.3670	 1
-12000	 6000	 1050	 1050	 0	 1	 0	  0.3893	 2
-6000	 6000	 1050	 1050	 1	 0	 0	  0.2958	 1
-12000	 6000	 1050	 1550	 0	 0	 0	  0.5553	 1
12000	 -12000	 1050	 1300	 1	 0	 1	  0.7903	 2
-12000	 12000	 1050	 550	 0	 0	 0	  0.2382	 1
-6000	 12000	 1050	 1050	 0	 0	 1	  1.2920	 1
-12000	 6000	 1050	 1050	 0	 0	 0	  0.1921	 1
-6000	 6000	 1050	 550	 1	 0	 0	  0.3515	 1
6000	 -6000	 1050	 1800	 0	 0	 1	  0.2597	 1
-6000	 6000	 1050	 1050	 1	 0	 0	  0.3431	 1
-6000	 6000	 1050	 800	 0	 1	 1	  1.0290	 1
-6000	 6000	 1050	 550	 0	 1	 0	  0.5190	 1
12000	 -6000	 1050	 1800	 1	 0	 0	  0.7400	 2
-6000	 6000	 1050	 1300	 0	 1	 0	  0.5069	 2
6000	 -6000	 1050	 300	 1	 0	 0	  0.3832	 1
12000	 -6000	 1050	 550	 0	 0	 1	  0.5980	 1
-6000	 6000	 1050	 550	 1	 0	 1	  0.4601	 2
6000	 -12000	 1050	 1050	 0	 1	 1	  2.0105	 2
-12000	 12000	 1050	 1050	 1	 0	 1	  0.3189	 2
12000	 -6000	 1050	 300	 0	 1	 0	  0.2781	 2
-6000	 12000	 1050	 1800	 0	 1	 1	  0.2994	 1
6000	 -6000	 1050	 1550	 0	 0	 1	  0.3786	 2
6000	 -12000	 1050	 1050	 0	 0	 1	  0.6126	 2
-6000	 12000	 1050	 1050	 1	 0	 0	  0.0987	 1
-12000	 12000	 1050	 1550	 0	 1	 1	  0.3277	 1
-6000	 12000	 1050	 1800	 1	 0	 0	  0.3213	 2
-12000	 12000	 1050	 1300	 0	 0	 1	  0.2610	 1
-12000	 12000	 1050	 1550	 1	 0	 1	  0.2973	 2
-6000	 6000	 1050	 300	 1	 0	 0	  0.3425	 1
-12000	 12000	 1050	 1050	 0	 1	 1	  2.1923	 1
-12000	 6000	 1050	 800	 0	 0	 0	  0.2689	 1
6000	 -6000	 1050	 300	 0	 1	 1	  0.1192	 2
12000	 -12000	 1050	 800	 1	 0	 0	  0.3185	 1
6000	 -12000	 1050	 800	 0	 0	 0	  0.1527	 2
6000	 -12000	 1050	 550	 1	 0	 0	  0.3822	 1
12000	 -6000	 1050	 1550	 0	 0	 1	  0.3218	 2
12000	 -6000	 1050	 1550	 0	 1	 0	  0.8809	 2
12000	 -12000	 1050	 1300	 0	 0	 0	  0.3213	 2
-6000	 12000	 1050	 550	 1	 0	 0	  0.2386	 1
-6000	 6000	 1050	 1550	 1	 0	 0	  0.4598	 2
-12000	 6000	 1050	 800	 0	 0	 1	  0.4276	 2
-12000	 6000	 1050	 1550	 1	 0	 1	  0.2762	 1
6000	 -12000	 1050	 1050	 0	 0	 1	  0.3033	 1
-6000	 6000	 1050	 1300	 0	 0	 0	  0.2908	 2
-12000	 6000	 1050	 800	 0	 1	 0	  0.2725	 2
-6000	 6000	 1050	 1050	 1	 0	 1	  0.2671	 2
-12000	 6000	 1050	 1050	 0	 0	 1	  0.2575	 2
6000	 -12000	 1050	 1550	 1	 0	 1	  0.3620	 2
6000	 -12000	 1050	 1300	 0	 0	 0	  0.3142	 2
12000	 -12000	 1050	 300	 0	 0	 1	  0.5710	 2
-6000	 6000	 1050	 800	 1	 0	 1	  0.4941	 2
-12000	 6000	 1050	 1550	 1	 0	 0	  2.3290	 1
-6000	 6000	 1050	 1550	 0	 0	 1	  0.1584	 1
6000	 -6000	 1050	 1800	 0	 1	 1	  0.2141	 1
-6000	 6000	 1050	 1300	 1	 0	 1	  0.3583	 2
-6000	 12000	 1050	 1050	 0	 0	 0	  0.3827	 1
6000	 -12000	 1050	 1050	 0	 0	 0	  4.5595	 2
12000	 -12000	 1050	 300	 1	 0	 0	  0.3203	 1
-6000	 12000	 1050	 550	 0	 1	 1	  0.2658	 2
6000	 -6000	 1050	 1800	 1	 0	 1	  1.7268	 2
-6000	 6000	 1050	 1300	 1	 0	 0	  0.2162	 2
6000	 -12000	 1050	 1800	 0	 0	 0	  0.2788	 2
6000	 -12000	 1050	 1300	 1	 0	 0	  0.3704	 2
-6000	 12000	 1050	 1550	 1	 0	 1	  0.3651	 2
-6000	 6000	 1050	 1800	 0	 0	 0	  0.4648	 1
-12000	 12000	 1050	 1300	 1	 0	 1	  1.7557	 2
-12000	 6000	 1050	 1800	 0	 1	 0	  0.3346	 2
-12000	 6000	 1050	 1300	 0	 0	 1	  0.3209	 1
12000	 -12000	 1050	 1550	 0	 0	 1	  0.3071	 1
-12000	 6000	 1050	 1800	 1	 0	 1	  0.3993	 1
6000	 -6000	 1050	 550	 1	 0	 1	  1.2674	 2
6000	 -12000	 1050	 550	 0	 0	 0	  0.7333	 1
12000	 -6000	 1050	 550	 1	 0	 1	  0.3320	 2
-6000	 12000	 1050	 1550	 0	 0	 0	  0.3018	 2
-6000	 6000	 1050	 1800	 1	 0	 1	  0.3010	 1
