12000	 -6000	 1050	 1800	 0	 0	 1	  1.1963	 1
-12000	 12000	 1050	 1050	 0	 1	 1	  0.9808	 2
-6000	 6000	 1050	 1050	 0	 1	 1	  0.3720	 1
-6000	 12000	 1050	 1800	 0	 0	 1	  1.6346	 1
-12000	 6000	 1050	 300	 0	 0	 1	  0.7989	 2
12000	 -12000	 1050	 1550	 0	 0	 0	  0.1885	 2
6000	 -12000	 1050	 1050	 1	 0	 1	  1.1795	 2
12000	 -6000	 1050	 1300	 0	 1	 1	  0.7316	 1
6000	 -12000	 1050	 800	 0	 1	 0	  1.8149	 2
-12000	 12000	 1050	 1050	 1	 0	 0	  0.6881	 1
6000	 -6000	 1050	 1800	 0	 1	 1	  0.9862	 1
12000	 -6000	 1050	 1550	 1	 0	 0	  1.4795	 1
12000	 -12000	 1050	 300	 0	 1	 1	  1.7409	 2
-12000	 12000	 1050	 1050	 0	 1	 0	  0.8029	 2
6000	 -12000	 1050	 1550	 0	 1	 1	  0.4087	 1
-6000	 12000	 1050	 1050	 0	 0	 0	  0.9003	 1
-12000	 6000	 1050	 550	 1	 0	 0	  0.9921	 1
-6000	 6000	 1050	 1300	 0	 1	 0	  0.1838	 2
-6000	 12000	 1050	 300	 0	 0	 0	  0.1089	 1
-6000	 6000	 1050	 1300	 0	 1	 1	  0.8592	 1
6000	 -6000	 1050	 550	 0	 0	 1	  0.5812	 2
6000	 -12000	 1050	 550	 0	 1	 1	  0.7288	 2
6000	 -6000	 1050	 550	 1	 0	 1	  0.9629	 2
12000	 -12000	 1050	 1800	 0	 0	 0	  0.0928	 2
6000	 -6000	 1050	 1550	 0	 1	 0	  0.8854	 2
-12000	 12000	 1050	 1550	 0	 1	 0	  0.0461	 2
12000	 -12000	 1050	 550	 1	 0	 1	  0.8827	 2
-6000	 6000	 1050	 1300	 1	 0	 1	  1.0176	 2
-12000	 12000	 1050	 1800	 0	 0	 0	  0.3009	 2
-6000	 6000	 1050	 300	 0	 0	 1	  1.3131	 1
6000	 -6000	 1050	 1300	 0	 0	 1	  0.6747	 2
12000	 -6000	 1050	 1800	 0	 1	 1	  1.7226	 1
12000	 -12000	 1050	 550	 0	 0	 0	  0.6147	 1
12000	 -6000	 1050	 800	 1	 0	 1	  0.5929	 2
12000	 -6000	 1050	 550	 0	 0	 0	  0.1001	 1
-12000	 6000	 1050	 1550	 0	 0	 1	  0.5626	 1
-12000	 6000	 1050	 800	 1	 0	 0	  0.5412	 1
6000	 -12000	 1050	 800	 0	 1	 1	  0.8561	 1
-12000	 12000	 1050	 1800	 0	 0	 1	  0.5062	 1
-12000	 12000	 1050	 1550	 1	 0	 1	  0.8379	 1
-12000	 12000	 1050	 1800	 0	 1	 1	  0.8561	 1
6000	 -12000	 1050	 300	 0	 0	 0	  0.3528	 1
6000	 -12000	 1050	 1800	 1	 0	 1	  0.8178	 2
6000	 -6000	 1050	 1050	 1	 0	 1	  0.6770	 2
6000	 -6000	 1050	 550	 0	 1	 1	  1.4012	 1
-6000	 12000	 1050	 1800	 0	 0	 1	  0.5692	 1
-12000	 6000	 1050	 300	 0	 1	 1	  0.6865	 2
12000	 -6000	 1050	 800	 1	 0	 0	  0.9964	 1
12000	 -12000	 1050	 1050	 0	 0	 1	  0.3895	 1
-12000	 12000	 1050	 800	 0	 0	 1	  0.4946	 1
-6000	 12000	 1050	 1550	 0	 1	 1	  0.6602	 1
6000	 -12000	 1050	 1800	 0	 0	 0	  0.0564	 2
-6000	 6000	 1050	 800	 1	 0	 0	  0.8227	 1
-6000	 12000	 1050	 1050	 1	 0	 1	  0.1927	 2
6000	 -12000	 1050	 1300	 0	 1	 1	  1.9867	 1
-12000	 12000	 1050	 1800	 0	 1	 0	  0.7398	 2
-12000	 12000	 1050	 1550	 0	 0	 0	  1.0956	 2
6000	 -6000	 1050	 1550	 0	 0	 1	  1.2027	 1
-6000	 12000	 1050	 1550	 1	 0	 0	  0.5333	 2
6000	 -6000	 1050	 1800	 0	 0	 0	  0.0340	 2
6000	 -12000	 1050	 1800	 1	 0	 1	  0.3361	 2
-6000	 6000	 1050	 550	 0	 1	 1	  1.0914	 2
12000	 -6000	 1050	 1300	 0	 0	 1	  6.1722	 1
-6000	 12000	 1050	 1300	 0	 1	 0	  0.2858	 2
12000	 -6000	 1050	 300	 0	 0	 0	  0.4985	 1
12000	 -12000	 1050	 1050	 1	 0	 0	  0.2482	 1
-12000	 6000	 1050	 1550	 1	 0	 1	  0.8992	 1
12000	 -12000	 1050	 1300	 0	 0	 1	  1.1362	 1
6000	 -6000	 1050	 1300	 1	 0	 0	  2.9184	 1
-6000	 12000	 1050	 1550	 0	 1	 0	  0.0859	 2
12000	 -12000	 1050	 550	 0	 0	 0	  1.6113	 1
-6000	 6000	 1050	 1300	 1	 0	 1	  1.0115	 2
-6000	 6000	 1050	 1300	 0	 1	 0	  1.0363	 2
12000	 -6000	 1050	 1550	 0	 1	 1	  1.3796	 1
12000	 -12000	 1050	 1300	 1	 0	 1	  0.3933	 1
-6000	 6000	 1050	 300	 1	 0	 1	  1.0211	 2
12000	 -6000	 1050	 800	 1	 0	 1	  0.6351	 2
-12000	 12000	 1050	 800	 0	 0	 0	  0.3080	 1
-6000	 12000	 1050	 300	 0	 0	 0	  0.1774	 1
-6000	 6000	 1050	 1300	 0	 0	 1	  0.4144	 2
-6000	 12000	 1050	 1300	 1	 0	 1	  0.3788	 2
6000	 -6000	 1050	 1300	 1	 0	 1	  1.5161	 2
-6000	 12000	 1050	 800	 0	 1	 1	  1.5337	 1
12000	 -12000	 1050	 1550	 0	 0	 1	  0.5971	 1
12000	 -6000	 1050	 800	 0	 0	 1	  0.0207	 1
-6000	 6000	 1050	 1300	 1	 0	 0	  0.8184	 2
6000	 -12000	 1050	 1300	 0	 0	 0	  0.4784	 1
-12000	 6000	 1050	 550	 0	 0	 0	  0.7072	 1
-6000	 12000	 1050	 1800	 0	 1	 1	  0.2757	 1
-6000	 12000	 1050	 550	 0	 1	 1	  0.3733	 2
12000	 -12000	 1050	 1800	 1	 0	 1	  0.3431	 1
6000	 -6000	 1050	 1050	 0	 0	 1	  1.5293	 1
-6000	 6000	 1050	 1550	 1	 0	 0	  1.0075	 1
12000	 -12000	 1050	 550	 1	 0	 1	  0.4728	 2
6000	 -6000	 1050	 800	 0	 1	 0	  0.8942	 1
-12000	 12000	 1050	 800	 0	 1	 1	  1.2051	 1
-12000	 6000	 1050	 550	 0	 1	 1	  0.1371	 2
-12000	 12000	 1050	 1300	 0	 0	 1	  1.1094	 1
6000	 -12000	 1050	 800	 1	 0	 0	  0.9549	 1
-12000	 12000	 1050	 1300	 0	 1	 0	  0.7484	 2
-6000	 6000	 1050	 1050	 0	 0	 0	  1.4145	 1
-12000	 12000	 1050	 1800	 1	 0	 0	  0.5292	 2
-12000	 6000	 1050	 800	 0	 0	 1	  0.3474	 1
-6000	 12000	 1050	 1300	 0	 1	 0	  0.5203	 1
-12000	 6000	 1050	 1800	 0	 0	 1	  0.6418	 1
6000	 -12000	 1050	 1550	 1	 0	 1	  0.4919	 2
12000	 -6000	 1050	 1050	 1	 0	 0	  0.5400	 1
12000	 -6000	 1050	 550	 0	 1	 1	  2.1710	 1
6000	 -6000	 1050	 300	 0	 0	 0	  1.3615	 1
6000	 -12000	 1050	 300	 0	 1	 0	  0.7041	 1
-6000	 12000	 1050	 800	 0	 0	 0	  0.0207	 1
-12000	 12000	 1050	 550	 0	 1	 0	  1.9132	 2
6000	 -6000	 1050	 1550	 1	 0	 1	  0.7183	 2
-6000	 6000	 1050	 1550	 0	 1	 1	  1.0480	 1
-12000	 6000	 1050	 1800	 0	 0	 0	  0.8597	 2
-6000	 6000	 1050	 300	 1	 0	 0	  0.2098	 1
-12000	 6000	 1050	 1800	 0	 1	 1	  0.1710	 1
6000	 -6000	 1050	 1050	 0	 1	 1	  0.4945	 1
12000	 -6000	 1050	 1050	 0	 0	 0	  0.6520	 2
-6000	 6000	 1050	 550	 1	 0	 1	  0.1864	 2
6000	 -12000	 1050	 1800	 0	 1	 0	  1.0649	 2
-12000	 6000	 1050	 800	 0	 1	 0	  1.0664	 2
-6000	 12000	 1050	 1050	 0	 1	 1	  0.6280	 1
12000	 -6000	 1050	 550	 0	 0	 0	  0.3029	 1
6000	 -6000	 1050	 300	 1	 0	 1	  0.4539	 2
6000	 -6000	 1050	 550	 0	 0	 1	  0.0857	 2
-12000	 12000	 1050	 300	 0	 1	 0	  0.8174	 1
-6000	 6000	 1050	 550	 0	 1	 0	  1.5258	 2
-12000	 6000	 1050	 1300	 0	 1	 1	  0.6190	 2
6000	 -12000	 1050	 1050	 0	 0	 0	  3.2391	 2
12000	 -12000	 1050	 1050	 1	 0	 1	  0.9630	 2
12000	 -6000	 1050	 1550	 0	 1	 0	  1.3467	 2
-12000	 6000	 1050	 1800	 1	 0	 0	  0.5501	 2
6000	 -12000	 1050	 1800	 0	 1	 0	  0.2115	 2
6000	 -12000	 1050	 1800	 0	 0	 1	  0.8706	 1
-12000	 12000	 1050	 550	 0	 0	 0	  0.4246	 1
6000	 -12000	 1050	 1050	 1	 0	 0	  0.4440	 1
12000	 -12000	 1050	 1550	 1	 0	 1	  0.7972	 1
6000	 -12000	 1050	 1300	 1	 0	 1	  1.5176	 2
12000	 -6000	 1050	 300	 0	 1	 0	  0.9285	 1
6000	 -12000	 1050	 300	 1	 0	 1	  0.4460	 2
-6000	 6000	 1050	 550	 1	 0	 1	  0.5026	 2
6000	 -12000	 1050	 800	 0	 1	 1	  0.7022	 2
6000	 -6000	 1050	 800	 1	 0	 0	  1.4106	 1
6000	 -6000	 1050	 1550	 0	 0	 0	  0.8560	 2
6000	 -6000	 1050	 1050	 1	 0	 0	  1.1109	 1
-12000	 12000	 1050	 1050	 1	 0	 0	  0.7473	 2
-6000	 12000	 1050	 300	 0	 0	 1	  0.3879	 2
12000	 -6000	 1050	 1800	 0	 1	 0	  0.0362	 2
-6000	 6000	 1050	 1800	 0	 1	 0	  0.6824	 2
6000	 -12000	 1050	 550	 0	 1	 0	  1.6813	 1
6000	 -12000	 1050	 1800	 0	 0	 1	  1.2159	 2
-12000	 12000	 1050	 300	 0	 1	 1	  0.5837	 2
12000	 -6000	 1050	 1050	 0	 1	 0	  0.5386	 2
12000	 -12000	 1050	 550	 0	 0	 1	  0.5345	 2
12000	 -12000	 1050	 800	 0	 0	 0	  1.4419	 1
-6000	 6000	 1050	 1050	 1	 0	 1	  0.5105	 2
6000	 -12000	 1050	 1050	 1	 0	 0	  0.7176	 1
-12000	 12000	 1050	 1800	 1	 0	 1	  3.3644	 1
6000	 -6000	 1050	 1300	 0	 1	 1	  1.0596	 2
-6000	 6000	 1050	 800	 1	 0	 1	  0.8045	 2
-12000	 6000	 1050	 300	 0	 0	 1	  0.7019	 2
-6000	 12000	 1050	 550	 1	 0	 1	  2.8406	 2
12000	 -6000	 1050	 300	 0	 1	 0	  1.1296	 1
-12000	 6000	 1050	 1800	 0	 1	 1	  1.3346	 2
-12000	 6000	 1050	 1050	 1	 0	 0	  1.5178	 1
12000	 -12000	 1050	 1800	 0	 1	 1	  1.1437	 2
-6000	 12000	 1050	 300	 1	 0	 0	  0.5137	 1
-12000	 6000	 1050	 800	 0	 1	 0	  1.3822	 2
-12000	 6000	 1050	 550	 1	 0	 0	  1.6908	 2
-12000	 6000	 1050	 1800	 0	 0	 1	  0.4781	 1
-12000	 12000	 1050	 1550	 1	 0	 0	  1.4820	 2
-6000	 12000	 1050	 550	 1	 0	 1	  0.5010	 2
-6000	 6000	 1050	 1800	 1	 0	 0	  0.4216	 2
12000	 -12000	 1050	 1300	 1	 0	 0	  0.5837	 2
-12000	 6000	 1050	 800	 0	 1	 1	  2.1120	 2
-12000	 12000	 1050	 550	 1	 0	 0	  1.2003	 1
6000	 -6000	 1050	 1800	 0	 0	 1	  1.5311	 1
6000	 -6000	 1050	 1300	 0	 1	 0	  0.5264	 2
6000	 -6000	 1050	 300	 1	 0	 0	  0.5936	 1
12000	 -6000	 1050	 1050	 1	 0	 0	  0.0439	 1
-6000	 12000	 1050	 550	 0	 0	 1	  0.4291	 2
-6000	 12000	 1050	 300	 0	 1	 1	  0.9887	 2
-6000	 12000	 1050	 1800	 1	 0	 1	  1.1648	 1
-12000	 6000	 1050	 1550	 0	 1	 0	  0.6848	 2
-12000	 12000	 1050	 1050	 0	 0	 1	  0.5070	 1
-6000	 12000	 1050	 550	 0	 1	 1	  0.9566	 2
-6000	 6000	 1050	 550	 0	 0	 0	  0.0683	 1
6000	 -12000	 1050	 1550	 0	 1	 0	  2.1632	 1
12000	 -6000	 1050	 1800	 1	 0	 1	  1.6516	 2
-6000	 12000	 1050	 550	 0	 1	 0	  0.4311	 1
-12000	 12000	 1050	 1300	 0	 1	 0	  0.4131	 2
-12000	 12000	 1050	 1800	 0	 0	 0	  0.4741	 2
-12000	 12000	 1050	 1550	 0	 0	 1	  0.6538	 1
6000	 -6000	 1050	 1050	 1	 0	 1	  0.4192	 2
-12000	 12000	 1050	 550	 0	 0	 1	  0.5418	 2
-6000	 12000	 1050	 1300	 0	 1	 1	  0.4931	 2
-12000	 6000	 1050	 800	 0	 0	 1	  0.6019	 1
-12000	 6000	 1050	 1050	 0	 1	 0	  0.8795	 2
6000	 -12000	 1050	 550	 1	 0	 1	  0.8193	 2
6000	 -6000	 1050	 1800	 0	 0	 0	  0.6437	 2
6000	 -6000	 1050	 1550	 1	 0	 0	  0.5770	 2
12000	 -6000	 1050	 550	 0	 1	 0	  2.6828	 2
-12000	 6000	 1050	 300	 0	 0	 0	  0.3301	 1
6000	 -12000	 1050	 1800	 0	 0	 0	  1.2704	 2
6000	 -12000	 1050	 1050	 0	 1	 0	  0.4746	 1
-12000	 6000	 1050	 1300	 0	 0	 1	  0.5607	 1
-12000	 12000	 1050	 1550	 1	 0	 0	  0.4621	 2
-6000	 6000	 1050	 800	 0	 1	 0	  0.6820	 2
12000	 -12000	 1050	 300	 0	 0	 0	  0.4394	 1
12000	 -12000	 1050	 550	 0	 0	 1	  0.0856	 2
6000	 -6000	 1050	 1800	 1	 0	 0	  0.5039	 2
-12000	 6000	 1050	 1050	 1	 0	 0	  0.6008	 2
-6000	 6000	 1050	 550	 0	 1	 1	  0.5028	 2
-6000	 12000	 1050	 1300	 1	 0	 0	  0.1339	 2
6000	 -6000	 1050	 1550	 1	 0	 0	  0.1709	 1
6000	 -12000	 1050	 1050	 0	 1	 0	  1.0933	 2
6000	 -12000	 1050	 1300	 0	 0	 1	  0.7426	 2
12000	 -6000	 1050	 300	 0	 0	 1	  0.5890	 2
-12000	 6000	 1050	 550	 0	 0	 1	  0.4865	 2
-12000	 6000	 1050	 800	 1	 0	 1	  1.0152	 2
-12000	 12000	 1050	 1050	 0	 0	 0	  0.8826	 2
-12000	 12000	 1050	 550	 1	 0	 0	  0.5381	 1
-12000	 6000	 1050	 800	 0	 1	 1	  0.3844	 1
-6000	 12000	 1050	 800	 0	 1	 0	  0.6555	 2
-6000	 12000	 1050	 1050	 0	 0	 1	  0.5530	 2
6000	 -6000	 1050	 550	 0	 1	 0	  0.3807	 1
-12000	 6000	 1050	 1550	 1	 0	 0	  0.7093	 2
-12000	 6000	 1050	 1050	 1	 0	 1	  0.4436	 1
6000	 -6000	 1050	 550	 0	 1	 0	  0.1300	 1
-12000	 12000	 1050	 800	 1	 0	 1	  1.0704	 2
-6000	 12000	 1050	 1050	 1	 0	 0	  0.2604	 2
12000	 -12000	 1050	 1050	 0	 0	 0	  0.6421	 2
12000	 -6000	 1050	 1050	 0	 1	 0	  1.3322	 2
12000	 -12000	 1050	 300	 1	 0	 1	  0.5933	 2
12000	 -6000	 1050	 1300	 0	 0	 0	  0.9071	 2
12000	 -12000	 1050	 1800	 0	 0	 1	  1.1157	 2
12000	 -6000	 1050	 1300	 0	 0	 0	  0.2542	 2
-12000	 12000	 1050	 550	 0	 1	 0	  0.9050	 1
-12000	 6000	 1050	 1300	 1	 0	 1	  2.2757	 1
-12000	 12000	 1050	 300	 0	 0	 0	  0.4493	 1
-6000	 6000	 1050	 300	 0	 1	 0	  0.5086	 1
6000	 -6000	 1050	 550	 1	 0	 0	  0.4178	 2
12000	 -12000	 1050	 1550	 0	 1	 0	  0.6460	 2
-12000	 12000	 1050	 1300	 0	 0	 1	  0.6445	 1
-6000	 6000	 1050	 1800	 0	 1	 0	  0.5505	 2
-12000	 6000	 1050	 300	 0	 1	 0	  1.0804	 1
-12000	 12000	 1050	 550	 0	 1	 1	  0.5734	 2
-6000	 12000	 1050	 300	 1	 0	 1	  0.7341	 2
6000	 -6000	 1050	 1800	 1	 0	 1	  1.9897	 2
12000	 -12000	 1050	 1050	 1	 0	 0	  0.6724	 2
-6000	 12000	 1050	 1800	 0	 0	 0	  0.8758	 2
12000	 -12000	 1050	 1300	 0	 1	 0	  0.2902	 2
12000	 -6000	 1050	 1550	 0	 1	 0	  0.7468	 2
12000	 -12000	 1050	 1550	 0	 0	 1	  0.5935	 1
12000	 -12000	 1050	 1550	 1	 0	 0	  0.4230	 2
12000	 -6000	 1050	 1050	 1	 0	 1	  2.9088	 1
-12000	 6000	 1050	 550	 0	 1	 1	  1.4525	 2
-12000	 12000	 1050	 1300	 1	 0	 1	  1.4757	 1
-6000	 12000	 1050	 800	 1	 0	 1	  0.3235	 2
12000	 -6000	 1050	 800	 0	 0	 0	  0.2841	 1
6000	 -12000	 1050	 1300	 1	 0	 0	  1.1224	 2
-12000	 6000	 1050	 1800	 1	 0	 0	  0.6405	 2
12000	 -12000	 1050	 1550	 1	 0	 0	  0.5664	 2
-12000	 6000	 1050	 1550	 1	 0	 1	  0.8556	 1
12000	 -6000	 1050	 1550	 1	 0	 1	  1.8613	 2
6000	 -12000	 1050	 1050	 1	 0	 1	  0.4055	 2
-6000	 6000	 1050	 1050	 1	 0	 1	  0.4970	 1
-6000	 6000	 1050	 1550	 0	 0	 0	  0.2169	 2
-12000	 6000	 1050	 800	 0	 0	 0	  0.4435	 2
-6000	 6000	 1050	 800	 0	 0	 0	  0.5040	 2
-6000	 6000	 1050	 550	 1	 0	 0	  0.6685	 2
-12000	 12000	 1050	 550	 0	 0	 1	  1.2032	 2
12000	 -6000	 1050	 300	 1	 0	 0	  0.4978	 1
6000	 -12000	 1050	 1300	 0	 1	 0	  0.2441	 2
-12000	 12000	 1050	 1550	 0	 1	 1	  1.3714	 1
-12000	 12000	 1050	 1300	 1	 0	 0	  0.6427	 2
-12000	 12000	 1050	 800	 1	 0	 1	  0.1404	 2
-6000	 6000	 1050	 800	 0	 1	 0	  1.4764	 1
12000	 -12000	 1050	 550	 1	 0	 0	  0.4919	 1
6000	 -12000	 1050	 1550	 0	 1	 0	  1.0188	 2
-12000	 6000	 1050	 1300	 0	 1	 1	  0.4149	 1
6000	 -12000	 1050	 800	 1	 0	 1	  0.2566	 2
6000	 -6000	 1050	 550	 1	 0	 1	  0.5392	 2
6000	 -12000	 1050	 800	 0	 1	 0	  0.0331	 1
6000	 -12000	 1050	 1300	 0	 0	 0	  0.9573	 2
12000	 -6000	 1050	 300	 1	 0	 0	  0.4496	 1
-6000	 6000	 1050	 1550	 0	 1	 0	  2.2202	 2
12000	 -12000	 1050	 800	 1	 0	 0	  0.5088	 2
-12000	 12000	 1050	 1800	 0	 0	 1	  0.4529	 2
6000	 -12000	 1050	 550	 0	 1	 0	 67.8721	 1
12000	 -6000	 1050	 550	 0	 1	 0	  0.4529	 1
-6000	 6000	 1050	 300	 0	 1	 1	  0.4606	 2
12000	 -6000	 1050	 550	 1	 0	 1	  0.4129	 1
-12000	 6000	 1050	 1300	 0	 1	 0	  0.4302	 2
6000	 -12000	 1050	 1550	 0	 0	 0	  0.3038	 2
12000	 -6000	 1050	 1050	 0	 0	 0	  0.5576	 1
-6000	 6000	 1050	 1800	 1	 0	 1	  0.3727	 1
-6000	 12000	 1050	 1550	 0	 0	 1	  0.4668	 2
6000	 -6000	 1050	 1300	 0	 0	 0	  0.2483	 2
6000	 -6000	 1050	 300	 1	 0	 1	  0.3259	 2
-6000	 6000	 1050	 550	 0	 0	 1	  0.2932	 2
-12000	 6000	 1050	 300	 1	 0	 1	  1.1562	 2
6000	 -12000	 1050	 1300	 1	 0	 0	  0.4575	 2
-12000	 12000	 1050	 800	 0	 1	 0	  0.3256	 1
-12000	 12000	 1050	 1800	 0	 1	 1	  0.2600	 1
-12000	 12000	 1050	 1300	 0	 1	 1	  0.3336	 1
-6000	 6000	 1050	 1800	 0	 0	 1	  0.4572	 1
12000	 -6000	 1050	 800	 0	 1	 0	  0.7144	 1
-6000	 6000	 1050	 1300	 1	 0	 0	  0.8560	 2
12000	 -6000	 1050	 1550	 0	 1	 1	  0.5431	 1
-6000	 6000	 1050	 1050	 0	 1	 1	  2.8270	 2
-6000	 12000	 1050	 800	 1	 0	 0	  0.9424	 1
-12000	 6000	 1050	 300	 0	 1	 1	  0.5907	 2
12000	 -12000	 1050	 1300	 0	 0	 0	  0.5138	 2
6000	 -12000	 1050	 1300	 0	 0	 1	  0.6114	 2
12000	 -12000	 1050	 1050	 0	 1	 1	  1.3885	 2
-6000	 6000	 1050	 1050	 0	 1	 0	  0.3815	 2
6000	 -12000	 1050	 300	 0	 1	 1	  1.1740	 2
12000	 -12000	 1050	 1050	 0	 1	 0	  0.4700	 2
-6000	 6000	 1050	 1800	 0	 0	 0	  0.1632	 2
6000	 -12000	 1050	 1050	 0	 0	 0	  0.4720	 1
6000	 -12000	 1050	 550	 1	 0	 0	  0.4260	 1
12000	 -12000	 1050	 800	 0	 0	 1	  0.3112	 2
-12000	 6000	 1050	 550	 1	 0	 1	  0.2576	 2
12000	 -12000	 1050	 800	 1	 0	 1	  1.1269	 2
-12000	 12000	 1050	 800	 0	 0	 0	  1.4275	 1
-12000	 6000	 1050	 1050	 0	 1	 0	  1.3076	 2
12000	 -6000	 1050	 300	 0	 1	 1	  0.5987	 2
12000	 -6000	 1050	 1050	 1	 0	 1	  0.3318	 2
-12000	 6000	 1050	 300	 1	 0	 1	  1.8051	 2
12000	 -6000	 1050	 1800	 0	 0	 1	  0.3628	 1
6000	 -6000	 1050	 800	 0	 0	 1	  1.5307	 2
6000	 -6000	 1050	 300	 0	 0	 1	  0.2776	 2
12000	 -12000	 1050	 300	 0	 1	 1	  0.9409	 2
-6000	 12000	 1050	 1800	 0	 1	 0	  0.4015	 2
6000	 -6000	 1050	 1800	 1	 0	 1	  0.3114	 1
12000	 -12000	 1050	 800	 0	 1	 1	  0.7111	 1
12000	 -6000	 1050	 1300	 0	 1	 1	  0.7961	 1
-12000	 12000	 1050	 1800	 1	 0	 0	  0.3463	 2
12000	 -6000	 1050	 550	 1	 0	 0	  0.8746	 1
12000	 -12000	 1050	 300	 0	 1	 0	  0.4155	 1
12000	 -12000	 1050	 550	 0	 1	 0	  0.3848	 1
-12000	 12000	 1050	 1050	 1	 0	 1	  0.3737	 2
12000	 -6000	 1050	 1800	 1	 0	 0	  0.6207	 2
-6000	 6000	 1050	 1050	 0	 0	 1	  0.8702	 2
12000	 -12000	 1050	 1050	 1	 0	 1	  0.6028	 1
6000	 -6000	 1050	 300	 0	 1	 0	  0.3004	 1
12000	 -12000	 1050	 300	 0	 0	 1	  0.2820	 2
6000	 -12000	 1050	 1050	 0	 1	 1	  0.2700	 2
6000	 -6000	 1050	 1050	 0	 0	 0	  0.4105	 1
12000	 -12000	 1050	 300	 0	 1	 0	  1.0829	 1
12000	 -6000	 1050	 1300	 1	 0	 1	  0.5399	 1
-6000	 6000	 1050	 300	 0	 0	 1	  0.2806	 2
6000	 -12000	 1050	 1050	 0	 0	 1	  0.3182	 2
-12000	 6000	 1050	 1550	 0	 0	 1	  0.6583	 1
12000	 -12000	 1050	 550	 0	 1	 0	  0.3635	 1
-6000	 6000	 1050	 550	 0	 0	 1	  0.6326	 2
-12000	 6000	 1050	 1300	 1	 0	 0	  0.3314	 2
-6000	 12000	 1050	 1050	 1	 0	 0	  0.5254	 1
6000	 -6000	 1050	 300	 0	 1	 0	  0.4588	 1
12000	 -12000	 1050	 800	 0	 0	 1	  0.3110	 2
12000	 -6000	 1050	 300	 1	 0	 1	  0.9067	 2
-12000	 12000	 1050	 1300	 0	 1	 1	  0.5060	 1
6000	 -6000	 1050	 1300	 1	 0	 1	  0.3079	 2
-12000	 6000	 1050	 1050	 0	 0	 0	  0.3407	 2
-6000	 12000	 1050	 1300	 1	 0	 1	  0.5975	 1
6000	 -6000	 1050	 550	 0	 0	 0	  0.4650	 1
12000	 -12000	 1050	 1800	 0	 0	 0	  0.5230	 2
-12000	 12000	 1050	 550	 1	 0	 1	  0.9241	 2
6000	 -12000	 1050	 1800	 1	 0	 0	  0.3867	 2
-6000	 6000	 1050	 300	 0	 0	 0	  0.3302	 1
6000	 -6000	 1050	 1550	 0	 0	 0	  0.3346	 2
-6000	 6000	 1050	 1050	 1	 0	 0	  0.7272	 2
-6000	 6000	 1050	 1050	 0	 0	 0	  0.3144	 2
-6000	 12000	 1050	 1800	 1	 0	 0	  0.4189	 2
-6000	 12000	 1050	 1550	 0	 1	 1	  1.7666	 1
6000	 -6000	 1050	 1300	 0	 1	 0	  1.3250	 1
6000	 -12000	 1050	 1050	 0	 1	 1	  0.4124	 2
6000	 -6000	 1050	 1800	 0	 0	 1	  0.3752	 1
-6000	 12000	 1050	 1300	 0	 0	 0	  0.5411	 2
6000	 -12000	 1050	 550	 1	 0	 1	  0.5118	 1
-12000	 12000	 1050	 1550	 0	 0	 1	  1.9738	 2
-6000	 6000	 1050	 1550	 0	 0	 1	  0.4351	 1
12000	 -12000	 1050	 800	 0	 1	 1	  0.3599	 2
12000	 -12000	 1050	 300	 0	 0	 0	  0.4227	 1
-6000	 12000	 1050	 1800	 0	 1	 1	  0.7626	 1
6000	 -6000	 1050	 800	 0	 1	 1	  0.6503	 2
6000	 -12000	 1050	 800	 1	 0	 0	  2.9915	 2
-6000	 12000	 1050	 1300	 0	 1	 1	  1.2927	 2
12000	 -6000	 1050	 1050	 0	 1	 1	  0.3314	 1
12000	 -6000	 1050	 550	 0	 1	 1	  0.3494	 2
-6000	 12000	 1050	 1050	 1	 0	 1	  1.5385	 1
12000	 -6000	 1050	 800	 0	 0	 1	  1.4233	 2
-12000	 6000	 1050	 550	 0	 1	 0	  1.7475	 1
-6000	 12000	 1050	 1050	 0	 1	 0	  1.2822	 2
-6000	 12000	 1050	 1550	 1	 0	 0	  0.3730	 2
-12000	 12000	 1050	 800	 1	 0	 0	  0.3955	 1
12000	 -12000	 1050	 1550	 0	 1	 1	  1.6761	 1
6000	 -6000	 1050	 1050	 0	 1	 0	  0.6436	 1
6000	 -6000	 1050	 1800	 0	 1	 0	  1.8047	 2
6000	 -12000	 1050	 550	 1	 0	 0	  0.3934	 1
-6000	 6000	 1050	 1550	 0	 1	 0	  2.9688	 1
-12000	 12000	 1050	 800	 1	 0	 0	  0.5894	 1
12000	 -12000	 1050	 1800	 1	 0	 0	  0.7163	 2
-6000	 6000	 1050	 1050	 1	 0	 0	  0.4284	 2
-6000	 12000	 1050	 300	 0	 0	 1	  0.3381	 2
-12000	 12000	 1050	 300	 0	 1	 1	  0.6455	 2
6000	 -6000	 1050	 550	 1	 0	 0	  0.7870	 1
-6000	 6000	 1050	 1550	 1	 0	 1	  0.3504	 1
-12000	 6000	 1050	 1050	 0	 1	 1	  1.8136	 2
12000	 -12000	 1050	 1550	 0	 1	 1	  2.2232	 2
-6000	 12000	 1050	 1800	 1	 0	 0	  0.5709	 2
6000	 -12000	 1050	 550	 0	 0	 1	  0.3518	 2
-6000	 12000	 1050	 800	 1	 0	 1	  2.4282	 2
6000	 -12000	 1050	 1800	 0	 1	 1	  0.5627	 2
-6000	 12000	 1050	 550	 1	 0	 0	  2.4990	 1
-12000	 6000	 1050	 1300	 0	 1	 0	  1.2492	 2
12000	 -12000	 1050	 1800	 0	 1	 1	  0.3245	 2
-12000	 12000	 1050	 550	 1	 0	 1	  2.7185	 2
6000	 -6000	 1050	 1550	 0	 1	 0	  2.2432	 2
12000	 -12000	 1050	 1050	 0	 0	 1	  0.4134	 2
12000	 -6000	 1050	 1550	 0	 0	 0	  0.6691	 1
6000	 -6000	 1050	 800	 0	 1	 1	  0.2793	 2
12000	 -6000	 1050	 1800	 0	 0	 0	  0.3080	 2
6000	 -12000	 1050	 300	 1	 0	 1	  0.7478	 2
6000	 -12000	 1050	 1300	 0	 1	 1	  0.4215	 2
-12000	 12000	 1050	 1300	 0	 0	 0	  1.3043	 2
6000	 -6000	 1050	 800	 1	 0	 1	  0.3835	 2
-12000	 12000	 1050	 1800	 1	 0	 1	  0.3421	 1
-6000	 6000	 1050	 1550	 0	 0	 1	  0.4277	 1
-12000	 6000	 1050	 300	 1	 0	 0	  0.6596	 1
12000	 -12000	 1050	 1550	 0	 0	 0	  0.3240	 2
6000	 -12000	 1050	 800	 1	 0	 1	  1.8198	 2
12000	 -12000	 1050	 1300	 0	 1	 0	  1.6017	 2
-12000	 12000	 1050	 1050	 1	 0	 1	  0.2956	 1
-12000	 12000	 1050	 1800	 0	 1	 0	  0.8531	 2
12000	 -12000	 1050	 1050	 0	 0	 0	  0.3258	 2
-12000	 6000	 1050	 1550	 0	 1	 0	  0.2398	 2
6000	 -6000	 1050	 300	 0	 0	 0	  0.5143	 1
-12000	 12000	 1050	 1300	 1	 0	 1	  0.3279	 1
6000	 -6000	 1050	 1050	 0	 0	 0	  0.3083	 2
12000	 -12000	 1050	 1550	 1	 0	 1	  2.3949	 1
6000	 -6000	 1050	 550	 0	 0	 0	  0.4192	 1
12000	 -6000	 1050	 1550	 0	 0	 1	  0.5203	 1
-6000	 12000	 1050	 800	 0	 0	 1	  0.4011	 2
-12000	 6000	 1050	 1550	 1	 0	 0	  0.7084	 2
-6000	 12000	 1050	 1050	 0	 1	 0	  1.2227	 2
-12000	 12000	 1050	 300	 0	 1	 0	  0.4323	 1
-12000	 6000	 1050	 1800	 0	 0	 0	  0.4442	 2
12000	 -6000	 1050	 1800	 1	 0	 1	  0.9567	 1
12000	 -12000	 1050	 800	 1	 0	 1	  0.7427	 1
6000	 -6000	 1050	 1050	 0	 1	 1	  0.3053	 2
-12000	 6000	 1050	 550	 1	 0	 1	  0.2660	 1
-12000	 6000	 1050	 1300	 1	 0	 1	  0.5781	 1
-12000	 6000	 1050	 800	 0	 0	 0	  1.3245	 2
6000	 -6000	 1050	 300	 0	 1	 1	  0.3190	 2
-12000	 6000	 1050	 1550	 0	 0	 0	  0.3301	 2
-6000	 12000	 1050	 550	 0	 0	 1	  0.4293	 2
-6000	 12000	 1050	 1800	 0	 0	 0	  0.4281	 2
6000	 -6000	 1050	 1800	 1	 0	 0	  0.3746	 2
12000	 -12000	 1050	 1550	 0	 1	 0	  0.3675	 2
-12000	 6000	 1050	 1050	 0	 0	 1	  0.3274	 1
-6000	 12000	 1050	 1550	 0	 0	 1	  0.3260	 2
-12000	 6000	 1050	 550	 0	 0	 1	  0.3472	 2
12000	 -12000	 1050	 1800	 0	 0	 1	  0.6257	 1
-6000	 12000	 1050	 1050	 0	 0	 0	  1.1201	 1
-12000	 12000	 1050	 1550	 1	 0	 1	  0.2586	 1
12000	 -12000	 1050	 1300	 0	 0	 1	  0.5929	 2
-6000	 12000	 1050	 800	 0	 1	 0	  0.1503	 1
12000	 -6000	 1050	 550	 0	 0	 1	  0.2224	 1
6000	 -12000	 1050	 300	 0	 1	 1	  2.9158	 2
-12000	 12000	 1050	 300	 1	 0	 1	  0.4793	 2
12000	 -6000	 1050	 1800	 0	 1	 0	  2.4028	 2
12000	 -6000	 1050	 800	 0	 0	 0	  0.8632	 2
12000	 -6000	 1050	 800	 0	 1	 0	  0.1132	 2
-6000	 12000	 1050	 1050	 0	 0	 1	  0.5233	 2
-6000	 6000	 1050	 550	 0	 1	 0	  0.5959	 1
-12000	 6000	 1050	 1300	 0	 0	 1	  1.6773	 1
6000	 -6000	 1050	 1550	 1	 0	 1	  0.3292	 1
-6000	 6000	 1050	 1550	 1	 0	 0	  0.1725	 2
6000	 -12000	 1050	 1550	 0	 0	 0	  0.5807	 2
12000	 -6000	 1050	 550	 0	 0	 1	  0.3796	 1
-12000	 6000	 1050	 1300	 0	 0	 0	  0.3601	 2
6000	 -12000	 1050	 1550	 0	 0	 1	  0.4956	 2
-6000	 6000	 1050	 300	 1	 0	 0	  0.2990	 1
-6000	 6000	 1050	 1800	 1	 0	 0	  0.2847	 2
-12000	 6000	 1050	 550	 0	 0	 0	  0.3323	 2
6000	 -12000	 1050	 300	 0	 1	 0	  0.8150	 1
-12000	 12000	 1050	 800	 0	 1	 0	  0.5137	 2
-6000	 6000	 1050	 800	 1	 0	 1	  1.3375	 2
-12000	 6000	 1050	 1800	 0	 1	 0	  1.0057	 1
6000	 -6000	 1050	 800	 1	 0	 0	  1.0755	 2
12000	 -6000	 1050	 1050	 0	 1	 1	  0.4710	 2
6000	 -12000	 1050	 550	 0	 0	 1	  0.3169	 2
-6000	 12000	 1050	 550	 1	 0	 0	  0.3160	 1
6000	 -6000	 1050	 800	 0	 0	 0	  0.5896	 2
12000	 -6000	 1050	 1050	 0	 0	 1	  0.2765	 1
-6000	 6000	 1050	 1800	 0	 1	 1	  0.3733	 2
12000	 -12000	 1050	 300	 1	 0	 1	  0.3021	 2
6000	 -6000	 1050	 1300	 0	 1	 1	  0.4239	 2
-6000	 12000	 1050	 550	 0	 1	 0	  0.4676	 1
6000	 -12000	 1050	 300	 1	 0	 0	  2.1218	 1
6000	 -6000	 1050	 800	 0	 0	 0	  0.1538	 1
12000	 -6000	 1050	 1300	 0	 1	 0	  0.3358	 2
-6000	 6000	 1050	 300	 0	 0	 0	  0.2901	 1
-12000	 6000	 1050	 1550	 0	 1	 1	  0.5103	 2
12000	 -12000	 1050	 1300	 0	 1	 1	  0.4716	 2
12000	 -12000	 1050	 1800	 0	 1	 0	  0.3738	 2
-6000	 12000	 1050	 1550	 0	 0	 0	  0.3588	 2
12000	 -12000	 1050	 550	 0	 1	 1	  0.2545	 2
12000	 -6000	 1050	 300	 0	 0	 0	  0.2497	 1
-6000	 12000	 1050	 1300	 0	 0	 1	  0.8290	 2
6000	 -12000	 1050	 1550	 1	 0	 0	  0.3283	 2
-12000	 12000	 1050	 1300	 1	 0	 0	  0.3035	 2
-12000	 12000	 1050	 1050	 0	 0	 1	  0.3188	 2
-6000	 12000	 1050	 300	 0	 1	 0	  1.0933	 1
6000	 -6000	 1050	 1800	 0	 1	 0	  2.2364	 1
6000	 -6000	 1050	 300	 1	 0	 0	  0.3176	 2
-12000	 12000	 1050	 800	 0	 0	 1	  0.3224	 2
-6000	 12000	 1050	 1300	 0	 0	 0	  0.3265	 2
12000	 -6000	 1050	 1550	 0	 0	 0	  0.5413	 2
-6000	 12000	 1050	 800	 0	 1	 1	  0.2633	 2
-12000	 6000	 1050	 300	 0	 1	 0	  0.3323	 2
12000	 -6000	 1050	 800	 1	 0	 0	  0.3134	 2
12000	 -6000	 1050	 300	 0	 1	 1	  0.3006	 2
12000	 -12000	 1050	 1300	 1	 0	 0	  0.5961	 2
-6000	 6000	 1050	 300	 0	 1	 1	  0.3259	 2
-12000	 6000	 1050	 800	 1	 0	 1	  0.6207	 2
6000	 -12000	 1050	 300	 0	 0	 0	  0.3713	 1
-6000	 6000	 1050	 1300	 0	 1	 1	  0.6320	 1
6000	 -12000	 1050	 800	 0	 0	 0	  0.3633	 1
-12000	 12000	 1050	 300	 0	 0	 1	  0.3300	 2
6000	 -12000	 1050	 300	 0	 0	 1	  0.2766	 2
-6000	 6000	 1050	 800	 0	 0	 1	  0.3165	 2
12000	 -6000	 1050	 1800	 0	 0	 0	  0.4728	 2
-12000	 6000	 1050	 1800	 1	 0	 1	  0.4973	 1
-6000	 12000	 1050	 1300	 0	 0	 1	  0.4596	 2
-6000	 6000	 1050	 800	 0	 1	 1	  0.6843	 2
12000	 -12000	 1050	 300	 0	 0	 1	  0.3347	 2
6000	 -6000	 1050	 1050	 1	 0	 0	  0.2623	 2
-12000	 6000	 1050	 1300	 0	 0	 0	  0.4128	 2
-12000	 6000	 1050	 1050	 0	 0	 1	  0.2915	 1
12000	 -12000	 1050	 1050	 0	 1	 0	  0.9420	 1
-12000	 6000	 1050	 550	 0	 1	 0	  1.3252	 1
6000	 -6000	 1050	 1300	 0	 0	 1	  0.3582	 2
-12000	 6000	 1050	 1050	 0	 1	 1	  0.3375	 1
-12000	 6000	 1050	 300	 0	 0	 0	  0.2832	 1
12000	 -12000	 1050	 1800	 1	 0	 1	  0.2984	 1
12000	 -6000	 1050	 1300	 1	 0	 0	  0.4061	 2
6000	 -12000	 1050	 1550	 0	 0	 1	  0.3245	 2
12000	 -6000	 1050	 550	 1	 0	 1	  0.3014	 2
6000	 -6000	 1050	 550	 0	 1	 1	  0.3037	 2
12000	 -12000	 1050	 1800	 1	 0	 0	  0.3479	 2
12000	 -12000	 1050	 1800	 0	 1	 0	  0.2227	 2
-12000	 6000	 1050	 800	 1	 0	 0	  0.3042	 2
-12000	 12000	 1050	 300	 0	 0	 0	  0.3469	 1
12000	 -6000	 1050	 1050	 0	 0	 1	  0.3014	 2
-6000	 6000	 1050	 1550	 0	 1	 1	  0.3564	 2
6000	 -12000	 1050	 1800	 0	 1	 1	  0.1159	 1
12000	 -12000	 1050	 800	 0	 1	 0	  0.2748	 2
-12000	 12000	 1050	 300	 1	 0	 0	  0.6068	 1
6000	 -12000	 1050	 1550	 0	 1	 1	  0.3156	 2
-6000	 12000	 1050	 300	 1	 0	 0	  0.3457	 1
12000	 -12000	 1050	 1300	 0	 0	 0	  0.2934	 2
12000	 -12000	 1050	 300	 1	 0	 0	  0.4720	 1
-6000	 6000	 1050	 300	 0	 1	 0	  0.6121	 1
-12000	 6000	 1050	 1800	 0	 1	 0	  0.7872	 2
6000	 -6000	 1050	 800	 1	 0	 1	  0.4193	 1
6000	 -12000	 1050	 1800	 1	 0	 0	  0.3102	 2
-12000	 12000	 1050	 1050	 0	 1	 1	  0.3031	 1
-6000	 12000	 1050	 1300	 1	 0	 0	  0.3033	 2
12000	 -6000	 1050	 300	 1	 0	 1	  0.3485	 1
-6000	 12000	 1050	 300	 1	 0	 1	  0.4284	 2
12000	 -6000	 1050	 550	 1	 0	 0	  1.0383	 1
-12000	 6000	 1050	 300	 1	 0	 0	  0.1795	 1
-12000	 6000	 1050	 1800	 1	 0	 1	  0.3343	 1
12000	 -6000	 1050	 1300	 0	 1	 0	  0.3223	 2
-6000	 12000	 1050	 800	 0	 0	 1	  0.3216	 2
6000	 -12000	 1050	 550	 0	 1	 1	  0.2645	 2
12000	 -12000	 1050	 1050	 0	 1	 1	  0.7348	 1
-6000	 12000	 1050	 550	 0	 0	 0	  0.3367	 1
6000	 -6000	 1050	 1550	 0	 0	 1	  0.4660	 2
12000	 -6000	 1050	 1300	 1	 0	 1	  1.3089	 2
-12000	 12000	 1050	 300	 1	 0	 1	  0.4261	 2
-12000	 12000	 1050	 1550	 0	 1	 0	  0.4396	 2
6000	 -6000	 1050	 300	 0	 1	 1	  0.3700	 2
12000	 -12000	 1050	 800	 0	 1	 0	  0.3931	 1
12000	 -6000	 1050	 1300	 1	 0	 0	  0.4864	 2
12000	 -6000	 1050	 1800	 0	 1	 1	  0.5347	 2
6000	 -12000	 1050	 300	 0	 0	 1	  0.3277	 2
-6000	 6000	 1050	 1800	 0	 1	 1	  0.3251	 2
-6000	 12000	 1050	 1050	 0	 1	 1	  0.2823	 2
-6000	 12000	 1050	 1550	 1	 0	 1	  0.3158	 1
12000	 -6000	 1050	 1550	 1	 0	 1	  0.3631	 1
-6000	 6000	 1050	 800	 0	 0	 1	  0.5418	 2
6000	 -6000	 1050	 1050	 0	 1	 0	  0.3646	 2
12000	 -6000	 1050	 1300	 0	 0	 1	  1.0237	 2
-6000	 12000	 1050	 1800	 0	 1	 0	  0.3911	 2
-6000	 12000	 1050	 1550	 0	 0	 0	  0.3660	 2
6000	 -12000	 1050	 300	 1	 0	 0	  0.3014	 1
6000	 -6000	 1050	 800	 0	 0	 1	  0.2708	 2
6000	 -6000	 1050	 1550	 0	 1	 1	  0.3195	 2
12000	 -12000	 1050	 800	 1	 0	 0	  0.4290	 1
6000	 -6000	 1050	 1550	 0	 1	 1	  0.7836	 1
-6000	 6000	 1050	 550	 1	 0	 0	  0.2779	 1
6000	 -12000	 1050	 1050	 0	 0	 1	  0.2916	 1
-12000	 6000	 1050	 1050	 1	 0	 1	  0.3097	 1
12000	 -12000	 1050	 550	 0	 1	 1	  0.9562	 2
-6000	 6000	 1050	 1550	 1	 0	 1	  0.2826	 1
6000	 -12000	 1050	 800	 0	 0	 1	  0.3165	 2
12000	 -12000	 1050	 1300	 0	 1	 1	  0.2555	 1
12000	 -12000	 1050	 300	 1	 0	 0	  0.3888	 1
-12000	 12000	 1050	 550	 0	 0	 0	  0.2743	 1
-6000	 12000	 1050	 1550	 0	 1	 0	  0.2966	 2
-12000	 6000	 1050	 1550	 0	 1	 1	  0.9644	 1
6000	 -6000	 1050	 1050	 0	 0	 1	  0.2802	 2
-12000	 12000	 1050	 550	 0	 1	 1	  0.3361	 2
-12000	 12000	 1050	 1050	 0	 0	 0	  1.0668	 2
-12000	 6000	 1050	 1050	 0	 0	 0	  0.5956	 2
-12000	 12000	 1050	 800	 0	 1	 1	  0.3350	 2
-12000	 12000	 1050	 300	 0	 0	 1	  0.3262	 2
-6000	 12000	 1050	 300	 0	 1	 1	  0.5469	 2
-12000	 12000	 1050	 1550	 0	 0	 0	  0.2936	 2
6000	 -12000	 1050	 1300	 0	 1	 0	  0.2672	 2
12000	 -6000	 1050	 800	 0	 1	 1	  0.3311	 2
12000	 -6000	 1050	 1800	 1	 0	 0	  0.3492	 2
-12000	 6000	 1050	 1300	 1	 0	 0	  0.2957	 2
6000	 -12000	 1050	 550	 0	 0	 0	  0.2368	 1
12000	 -6000	 1050	 300	 0	 0	 1	  0.7199	 2
6000	 -12000	 1050	 550	 0	 0	 0	  0.4194	 1
-6000	 12000	 1050	 800	 0	 0	 0	  0.8660	 1
-6000	 6000	 1050	 1050	 0	 0	 1	  0.3597	 1
6000	 -6000	 1050	 800	 0	 1	 0	  0.3346	 1
12000	 -12000	 1050	 800	 0	 0	 0	  0.3258	 1
-6000	 12000	 1050	 1550	 1	 0	 1	  0.3580	 1
-6000	 6000	 1050	 1300	 0	 0	 0	  0.3420	 2
-6000	 6000	 1050	 1300	 0	 0	 1	  0.4607	 1
-6000	 6000	 1050	 1800	 1	 0	 1	  0.2783	 1
-6000	 6000	 1050	 300	 1	 0	 1	  0.3787	 2
6000	 -12000	 1050	 1550	 1	 0	 1	  0.4515	 1
6000	 -6000	 1050	 1300	 1	 0	 0	  0.3367	 2
-6000	 6000	 1050	 1050	 0	 1	 0	  2.2436	 1
-12000	 12000	 1050	 1300	 0	 0	 0	  0.4277	 2
-6000	 12000	 1050	 1800	 1	 0	 1	  0.4356	 1
-6000	 6000	 1050	 1550	 0	 0	 0	  0.3877	 2
-6000	 6000	 1050	 550	 0	 0	 0	  0.3345	 1
-6000	 6000	 1050	 1800	 0	 0	 1	  0.3516	 2
-6000	 6000	 1050	 800	 1	 0	 0	  0.3720	 2
-12000	 6000	 1050	 1550	 0	 0	 0	  0.6294	 2
-12000	 12000	 1050	 300	 1	 0	 0	  0.4996	 1
-6000	 6000	 1050	 800	 0	 1	 1	  0.3312	 2
6000	 -12000	 1050	 1550	 1	 0	 0	  0.3005	 2
-6000	 6000	 1050	 800	 0	 0	 0	  0.3039	 2
-6000	 12000	 1050	 800	 1	 0	 0	  0.3173	 1
-6000	 6000	 1050	 1300	 0	 0	 0	  0.4225	 2
6000	 -12000	 1050	 800	 0	 0	 0	  0.3404	 1
12000	 -12000	 1050	 1300	 1	 0	 1	  0.2957	 1
12000	 -6000	 1050	 800	 0	 1	 1	  0.2936	 2
12000	 -12000	 1050	 550	 1	 0	 0	  0.2925	 1
-12000	 12000	 1050	 1050	 0	 1	 0	  0.3197	 1
6000	 -6000	 1050	 1800	 0	 1	 1	  0.3738	 2
-6000	 12000	 1050	 300	 0	 1	 0	  0.2973	 1
-6000	 6000	 1050	 1800	 0	 0	 0	  0.2849	 2
6000	 -12000	 1050	 1300	 1	 0	 1	  1.1322	 1
6000	 -6000	 1050	 300	 0	 0	 1	  0.3066	 2
12000	 -6000	 1050	 1550	 0	 0	 1	  0.4182	 1
12000	 -6000	 1050	 1550	 1	 0	 0	  0.3831	 2
6000	 -12000	 1050	 800	 0	 0	 1	  0.4007	 2
6000	 -6000	 1050	 1300	 0	 0	 0	  0.5562	 2
-12000	 12000	 1050	 1550	 0	 1	 1	  0.5922	 2
-6000	 12000	 1050	 550	 0	 0	 0	  0.2504	 1
