12000	 -12000	 1050	 1050	 1	 0	 0	  0.9457	 1
-12000	 12000	 1050	 550	 1	 0	 1	  0.5136	 2
-6000	 6000	 1050	 800	 0	 0	 0	  2.3141	 2
-12000	 6000	 1050	 1050	 0	 0	 1	  1.4682	 2
-12000	 12000	 1050	 1550	 0	 0	 1	  1.8821	 1
6000	 -6000	 1050	 1300	 0	 0	 0	  1.2589	 1
-6000	 6000	 1050	 1800	 0	 1	 1	  0.7881	 1
-12000	 6000	 1050	 800	 0	 0	 1	  0.9513	 1
-12000	 6000	 1050	 1800	 0	 1	 1	  0.7084	 1
-12000	 6000	 1050	 1550	 0	 0	 0	  0.4906	 2
12000	 -12000	 1050	 1300	 0	 0	 1	  0.3146	 1
12000	 -6000	 1050	 1800	 0	 0	 0	  0.5841	 1
-6000	 12000	 1050	 800	 0	 0	 0	  0.6643	 1
6000	 -12000	 1050	 1050	 1	 0	 0	  1.0304	 2
-6000	 6000	 1050	 300	 1	 0	 0	  0.8028	 1
12000	 -12000	 1050	 800	 0	 0	 0	  0.5322	 1
-12000	 12000	 1050	 300	 0	 0	 0	  0.5539	 1
6000	 -12000	 1050	 1550	 1	 0	 1	  0.8244	 1
-6000	 12000	 1050	 800	 0	 1	 0	  0.3226	 2
-6000	 12000	 1050	 1800	 1	 0	 0	  1.4836	 2
-6000	 6000	 1050	 550	 0	 1	 1	  1.1127	 1
12000	 -6000	 1050	 300	 0	 1	 0	  0.3463	 1
6000	 -6000	 1050	 550	 1	 0	 0	  1.9945	 1
12000	 -12000	 1050	 1550	 0	 1	 1	  0.9347	 1
-6000	 12000	 1050	 300	 0	 1	 0	  2.5440	 1
-6000	 6000	 1050	 1300	 1	 0	 0	  1.7269	 2
-6000	 6000	 1050	 1800	 1	 0	 1	  2.5612	 1
6000	 -12000	 1050	 800	 1	 0	 1	  0.8424	 2
-6000	 12000	 1050	 1300	 0	 0	 1	  0.9263	 2
6000	 -12000	 1050	 300	 0	 0	 0	  0.5719	 1
6000	 -12000	 1050	 300	 1	 0	 1	  0.7509	 2
12000	 -6000	 1050	 1550	 0	 0	 0	  0.3926	 2
6000	 -12000	 1050	 1300	 0	 0	 1	  0.4496	 1
6000	 -6000	 1050	 1050	 1	 0	 0	  0.4433	 2
-12000	 6000	 1050	 800	 1	 0	 0	  1.9891	 1
6000	 -12000	 1050	 1550	 0	 1	 1	  3.0654	 1
-6000	 6000	 1050	 1800	 0	 1	 1	  2.5792	 1
12000	 -12000	 1050	 800	 0	 1	 0	  0.9471	 2
12000	 -12000	 1050	 1800	 0	 0	 1	  0.3550	 1
-12000	 6000	 1050	 1300	 0	 0	 1	  0.4802	 2
12000	 -12000	 1050	 1300	 1	 0	 1	  1.8861	 1
12000	 -12000	 1050	 1050	 0	 1	 0	  2.0090	 2
-6000	 6000	 1050	 800	 0	 0	 0	  3.1328	 2
-12000	 6000	 1050	 550	 1	 0	 0	  0.4314	 1
-12000	 12000	 1050	 550	 0	 0	 1	  0.9841	 1
12000	 -12000	 1050	 800	 1	 0	 1	  0.5195	 2
-6000	 12000	 1050	 1300	 1	 0	 1	  1.2279	 2
-12000	 6000	 1050	 800	 0	 1	 0	  1.3440	 1
12000	 -12000	 1050	 550	 0	 0	 1	  1.3162	 2
12000	 -6000	 1050	 800	 0	 1	 1	  3.4411	 2
-6000	 6000	 1050	 1300	 0	 1	 1	  0.4291	 1
-6000	 6000	 1050	 800	 0	 0	 1	  2.3443	 1
-6000	 6000	 1050	 550	 0	 0	 0	  0.3367	 2
-12000	 12000	 1050	 1300	 0	 1	 1	  3.2142	 2
12000	 -6000	 1050	 550	 0	 0	 1	  0.5102	 2
-6000	 6000	 1050	 550	 1	 0	 0	  3.7825	 2
12000	 -6000	 1050	 1050	 0	 1	 1	  0.3763	 2
12000	 -6000	 1050	 1300	 1	 0	 0	  1.7166	 1
6000	 -12000	 1050	 800	 1	 0	 0	  0.6645	 1
-6000	 12000	 1050	 1050	 1	 0	 0	  0.8446	 1
12000	 -12000	 1050	 1050	 1	 0	 0	  0.6160	 1
-12000	 12000	 1050	 1300	 1	 0	 1	  1.3616	 2
-6000	 12000	 1050	 1800	 0	 1	 0	  1.5955	 1
-12000	 6000	 1050	 1800	 0	 0	 0	  2.2899	 1
12000	 -12000	 1050	 1550	 0	 0	 1	  1.3640	 1
-6000	 12000	 1050	 1050	 1	 0	 0	  0.5398	 1
6000	 -12000	 1050	 800	 0	 0	 1	  0.5551	 1
-12000	 6000	 1050	 1300	 1	 0	 1	  1.5532	 1
-12000	 6000	 1050	 1550	 0	 1	 0	  0.8823	 2
-12000	 12000	 1050	 1050	 0	 0	 0	  0.7910	 1
6000	 -12000	 1050	 1300	 0	 0	 1	  1.2020	 2
-12000	 6000	 1050	 1300	 0	 1	 0	  1.9341	 1
6000	 -12000	 1050	 1550	 0	 1	 0	  0.5473	 1
6000	 -12000	 1050	 1800	 0	 0	 1	  1.4018	 1
-6000	 6000	 1050	 550	 0	 1	 1	  2.3185	 1
12000	 -6000	 1050	 1800	 1	 0	 1	  1.0510	 2
12000	 -6000	 1050	 300	 0	 1	 1	  0.2343	 2
-6000	 12000	 1050	 1050	 0	 1	 0	  2.3910	 1
-6000	 6000	 1050	 1300	 1	 0	 1	  2.1177	 2
-12000	 6000	 1050	 800	 1	 0	 1	  1.1786	 1
-12000	 6000	 1050	 1300	 0	 1	 0	  0.9851	 1
-6000	 12000	 1050	 1800	 0	 1	 0	  1.2127	 2
6000	 -6000	 1050	 1800	 0	 0	 0	  1.3879	 2
-6000	 12000	 1050	 300	 1	 0	 1	  0.5922	 1
12000	 -6000	 1050	 300	 0	 0	 0	  0.0889	 1
12000	 -6000	 1050	 550	 1	 0	 1	  0.4838	 2
12000	 -6000	 1050	 550	 0	 1	 1	  0.1314	 2
6000	 -12000	 1050	 1800	 1	 0	 1	  0.5865	 1
12000	 -12000	 1050	 1050	 0	 0	 0	  0.7705	 2
-6000	 12000	 1050	 1050	 0	 0	 0	  0.9216	 2
-6000	 12000	 1050	 1550	 0	 1	 1	  1.1441	 2
-6000	 12000	 1050	 1550	 1	 0	 0	  1.7880	 2
12000	 -12000	 1050	 300	 0	 1	 1	  0.8615	 2
-6000	 6000	 1050	 550	 0	 0	 1	  0.6335	 1
-6000	 6000	 1050	 1050	 1	 0	 0	  2.2425	 1
12000	 -6000	 1050	 1300	 0	 1	 1	  4.3137	 1
-6000	 6000	 1050	 1300	 1	 0	 1	  6.5736	 1
-12000	 6000	 1050	 1050	 0	 1	 1	  1.0089	 1
-6000	 12000	 1050	 1550	 0	 0	 1	  1.1984	 1
-6000	 6000	 1050	 1550	 0	 1	 1	  0.3608	 1
-6000	 12000	 1050	 300	 0	 0	 1	  1.4845	 2
-12000	 6000	 1050	 550	 1	 0	 1	  1.7687	 2
-12000	 12000	 1050	 300	 1	 0	 1	  0.5314	 2
-6000	 12000	 1050	 1050	 0	 0	 0	  1.0296	 2
12000	 -6000	 1050	 1550	 1	 0	 1	  3.0270	 2
12000	 -12000	 1050	 1300	 0	 1	 1	  3.7132	 1
6000	 -12000	 1050	 550	 1	 0	 1	  0.3046	 2
-12000	 6000	 1050	 1300	 0	 0	 1	  0.6350	 1
6000	 -12000	 1050	 1550	 0	 0	 1	  1.2507	 1
-12000	 12000	 1050	 800	 0	 0	 1	  1.3564	 1
6000	 -6000	 1050	 550	 0	 0	 0	  1.0588	 1
6000	 -6000	 1050	 800	 1	 0	 1	  1.6996	 2
-12000	 6000	 1050	 550	 1	 0	 0	  0.4575	 1
-6000	 12000	 1050	 1550	 1	 0	 1	  2.0452	 1
6000	 -6000	 1050	 1300	 1	 0	 1	  0.4077	 2
12000	 -6000	 1050	 1300	 0	 0	 0	  4.1537	 2
12000	 -6000	 1050	 800	 1	 0	 1	  1.2241	 1
-12000	 6000	 1050	 800	 1	 0	 1	  0.5586	 2
12000	 -12000	 1050	 800	 1	 0	 0	  0.2230	 1
6000	 -6000	 1050	 1050	 0	 0	 0	  1.3682	 1
-12000	 6000	 1050	 1550	 1	 0	 1	  1.3705	 2
6000	 -12000	 1050	 1300	 1	 0	 0	  2.8440	 1
-12000	 6000	 1050	 1050	 0	 1	 0	  2.1839	 1
12000	 -12000	 1050	 300	 0	 1	 0	  0.7986	 1
12000	 -6000	 1050	 800	 0	 0	 0	  0.8655	 1
6000	 -12000	 1050	 550	 0	 1	 1	  0.7884	 2
12000	 -6000	 1050	 1300	 0	 0	 1	  0.5147	 2
6000	 -6000	 1050	 1300	 0	 0	 0	  2.4758	 1
6000	 -12000	 1050	 300	 1	 0	 1	  0.3278	 2
6000	 -12000	 1050	 1300	 1	 0	 0	  1.6576	 2
12000	 -6000	 1050	 1800	 1	 0	 0	  0.7340	 1
6000	 -6000	 1050	 1550	 0	 1	 0	  2.3112	 2
-6000	 6000	 1050	 300	 0	 1	 1	  0.5495	 2
-12000	 12000	 1050	 1550	 0	 0	 1	  0.7785	 2
6000	 -12000	 1050	 1300	 0	 1	 0	  0.5883	 2
6000	 -6000	 1050	 1550	 0	 1	 1	  2.7262	 2
12000	 -6000	 1050	 300	 0	 0	 1	  0.9450	 2
-12000	 12000	 1050	 800	 0	 0	 1	  0.5280	 2
-6000	 6000	 1050	 1300	 0	 0	 1	  2.4316	 1
6000	 -6000	 1050	 550	 0	 0	 0	  0.1835	 1
12000	 -6000	 1050	 1550	 0	 0	 1	  2.9534	 2
12000	 -6000	 1050	 1550	 1	 0	 0	  0.8056	 2
6000	 -12000	 1050	 550	 1	 0	 1	  0.6233	 2
12000	 -12000	 1050	 800	 1	 0	 0	  0.3068	 1
12000	 -12000	 1050	 550	 0	 1	 1	  0.6027	 1
-12000	 12000	 1050	 1550	 0	 1	 0	  1.3625	 2
-12000	 6000	 1050	 1550	 1	 0	 0	  3.0843	 2
6000	 -12000	 1050	 1300	 1	 0	 1	  0.9308	 2
12000	 -12000	 1050	 1550	 1	 0	 0	  0.8755	 2
-12000	 6000	 1050	 1050	 0	 1	 0	  1.4775	 2
-12000	 12000	 1050	 800	 0	 1	 1	  4.3783	 2
-12000	 6000	 1050	 1550	 0	 0	 0	  1.8895	 2
6000	 -12000	 1050	 300	 0	 1	 0	  0.5555	 1
6000	 -12000	 1050	 1050	 0	 1	 0	  5.2565	 1
-6000	 6000	 1050	 1800	 0	 0	 0	  1.0881	 2
-6000	 6000	 1050	 550	 1	 0	 0	  2.6578	 2
-6000	 12000	 1050	 1800	 1	 0	 0	  0.3454	 2
12000	 -6000	 1050	 550	 0	 1	 0	  1.7662	 2
-12000	 12000	 1050	 1050	 0	 0	 0	  0.8279	 2
-6000	 12000	 1050	 550	 0	 0	 0	  1.0812	 1
-12000	 12000	 1050	 1300	 0	 1	 1	  0.8469	 1
6000	 -12000	 1050	 1800	 0	 1	 1	  0.8562	 2
12000	 -6000	 1050	 1300	 0	 1	 0	  1.6607	 2
12000	 -6000	 1050	 550	 1	 0	 0	  1.4700	 1
-12000	 12000	 1050	 1300	 1	 0	 0	  2.5639	 1
12000	 -6000	 1050	 800	 0	 1	 0	  1.7607	 2
-12000	 6000	 1050	 1050	 0	 1	 1	  2.3046	 1
12000	 -12000	 1050	 550	 1	 0	 0	  0.2749	 1
12000	 -6000	 1050	 550	 0	 1	 1	  1.4721	 1
-6000	 12000	 1050	 550	 1	 0	 0	  0.3058	 1
-12000	 12000	 1050	 550	 0	 0	 1	  0.4659	 2
6000	 -12000	 1050	 1550	 0	 1	 0	  0.9416	 2
6000	 -12000	 1050	 1050	 1	 0	 1	  1.3070	 2
12000	 -6000	 1050	 550	 1	 0	 0	  1.0519	 1
-6000	 6000	 1050	 300	 0	 1	 0	  1.2328	 1
6000	 -12000	 1050	 1050	 0	 0	 0	  0.7529	 2
-6000	 6000	 1050	 1050	 0	 1	 1	  1.0638	 1
12000	 -12000	 1050	 300	 1	 0	 0	  0.7634	 1
-6000	 12000	 1050	 550	 0	 0	 1	  2.7296	 1
-6000	 12000	 1050	 300	 0	 0	 1	  1.8463	 2
-6000	 6000	 1050	 1300	 0	 1	 0	  0.3778	 2
-12000	 6000	 1050	 1300	 0	 0	 0	  1.1532	 2
-12000	 12000	 1050	 300	 0	 1	 1	  3.1498	 2
6000	 -6000	 1050	 1550	 1	 0	 1	  0.5167	 2
-12000	 6000	 1050	 1550	 0	 1	 0	  0.4908	 2
-6000	 12000	 1050	 1050	 0	 0	 1	  0.3408	 2
12000	 -6000	 1050	 300	 0	 1	 1	  0.1377	 2
-12000	 12000	 1050	 1800	 0	 0	 1	  0.5630	 1
6000	 -6000	 1050	 800	 0	 1	 1	  5.7917	 2
-6000	 6000	 1050	 1800	 0	 1	 0	  1.3866	 1
-6000	 6000	 1050	 1050	 0	 0	 0	  0.3247	 1
-12000	 6000	 1050	 1550	 1	 0	 1	  1.0071	 2
12000	 -6000	 1050	 1300	 0	 0	 0	  1.6882	 2
-12000	 12000	 1050	 1050	 1	 0	 1	  0.7998	 1
-6000	 12000	 1050	 550	 0	 0	 0	  6.3134	 2
6000	 -6000	 1050	 300	 0	 0	 1	  0.2623	 2
12000	 -12000	 1050	 1300	 1	 0	 0	  1.2895	 2
-12000	 6000	 1050	 550	 0	 1	 0	  0.8182	 1
-12000	 6000	 1050	 300	 0	 0	 1	  0.0331	 2
-12000	 6000	 1050	 800	 0	 0	 0	  1.1092	 1
-12000	 6000	 1050	 300	 1	 0	 0	  0.9548	 1
6000	 -6000	 1050	 300	 1	 0	 0	  1.3263	 1
12000	 -12000	 1050	 1300	 1	 0	 1	  5.4754	 2
6000	 -6000	 1050	 1550	 0	 0	 1	  1.2297	 1
-6000	 12000	 1050	 1300	 0	 0	 1	  0.9961	 2
-12000	 12000	 1050	 550	 0	 0	 0	  0.3690	 1
-12000	 12000	 1050	 1550	 0	 0	 0	  0.3849	 2
-12000	 6000	 1050	 550	 0	 0	 1	  0.2567	 2
-6000	 6000	 1050	 1800	 1	 0	 0	  0.2054	 2
-6000	 12000	 1050	 300	 0	 0	 0	  0.5300	 1
-12000	 12000	 1050	 1800	 1	 0	 0	  3.3823	 1
6000	 -6000	 1050	 1300	 0	 1	 1	  0.9978	 1
12000	 -12000	 1050	 300	 1	 0	 0	  0.3442	 1
-12000	 6000	 1050	 800	 0	 1	 0	  0.8525	 2
6000	 -6000	 1050	 1800	 0	 1	 0	  2.4008	 2
-6000	 12000	 1050	 550	 0	 0	 1	  2.6947	 2
-6000	 6000	 1050	 800	 1	 0	 1	  0.2821	 2
-6000	 6000	 1050	 1550	 1	 0	 1	  0.7311	 1
6000	 -6000	 1050	 1300	 0	 1	 0	  0.7628	 2
6000	 -6000	 1050	 1800	 1	 0	 0	  0.8112	 1
12000	 -12000	 1050	 1300	 0	 1	 0	  2.0222	 2
-6000	 12000	 1050	 1300	 1	 0	 0	  0.4781	 2
-6000	 12000	 1050	 800	 1	 0	 0	  0.3929	 1
6000	 -12000	 1050	 300	 1	 0	 0	  0.4176	 1
-12000	 12000	 1050	 550	 1	 0	 1	  0.2261	 2
12000	 -12000	 1050	 300	 0	 0	 1	  0.3065	 2
-6000	 6000	 1050	 1550	 1	 0	 1	  0.5559	 2
-6000	 12000	 1050	 300	 0	 1	 1	  0.6590	 2
12000	 -12000	 1050	 1300	 0	 1	 1	  0.1486	 1
6000	 -12000	 1050	 1300	 1	 0	 1	  1.3886	 1
12000	 -6000	 1050	 1300	 0	 0	 1	  0.2834	 1
-6000	 12000	 1050	 1550	 0	 1	 1	  1.7591	 2
6000	 -12000	 1050	 550	 0	 1	 0	  0.8520	 1
-12000	 6000	 1050	 1800	 0	 1	 0	  0.9487	 2
-12000	 12000	 1050	 1300	 1	 0	 0	  0.2042	 2
6000	 -12000	 1050	 1550	 1	 0	 1	  1.9456	 2
-12000	 6000	 1050	 1800	 1	 0	 0	  1.3969	 2
12000	 -6000	 1050	 550	 0	 0	 0	  0.4582	 1
-6000	 12000	 1050	 300	 1	 0	 0	  1.0355	 1
-12000	 12000	 1050	 1300	 0	 0	 0	  3.3881	 2
12000	 -6000	 1050	 1050	 0	 0	 1	  0.4604	 2
-12000	 6000	 1050	 1550	 0	 0	 1	  0.9733	 1
12000	 -6000	 1050	 1050	 0	 1	 1	  1.5149	 1
6000	 -12000	 1050	 1800	 0	 1	 0	  1.3419	 2
-6000	 12000	 1050	 800	 0	 0	 1	  1.1303	 2
12000	 -6000	 1050	 1800	 1	 0	 0	  0.5985	 2
6000	 -12000	 1050	 300	 0	 0	 0	  0.6499	 1
-6000	 6000	 1050	 1300	 0	 0	 1	  0.2919	 2
12000	 -12000	 1050	 1050	 0	 1	 1	  0.0062	 2
6000	 -6000	 1050	 1300	 0	 0	 1	  0.8000	 2
6000	 -12000	 1050	 1050	 1	 0	 0	  0.9008	 1
-12000	 12000	 1050	 1300	 0	 1	 0	  0.1808	 2
-6000	 6000	 1050	 300	 0	 0	 1	  0.0833	 2
-6000	 6000	 1050	 800	 1	 0	 0	  0.2346	 1
6000	 -6000	 1050	 1050	 0	 0	 1	  0.8109	 1
6000	 -12000	 1050	 1800	 1	 0	 0	  2.5366	 1
-12000	 12000	 1050	 300	 0	 0	 1	  0.9314	 2
-6000	 6000	 1050	 300	 0	 1	 1	  0.8405	 2
-12000	 6000	 1050	 1550	 1	 0	 0	  0.5759	 2
-6000	 6000	 1050	 1300	 0	 1	 0	  1.2856	 2
-6000	 6000	 1050	 300	 0	 1	 0	  0.6652	 2
12000	 -12000	 1050	 800	 0	 1	 0	  2.2362	 1
-6000	 12000	 1050	 1800	 0	 0	 1	  0.7597	 2
-12000	 12000	 1050	 800	 0	 0	 0	  0.3383	 1
12000	 -12000	 1050	 1550	 0	 1	 1	  0.6554	 1
-6000	 12000	 1050	 1300	 1	 0	 1	  0.3147	 2
-6000	 6000	 1050	 1050	 1	 0	 1	  1.1185	 1
-12000	 12000	 1050	 800	 0	 1	 1	  1.2311	 1
-12000	 6000	 1050	 1050	 1	 0	 1	  0.9666	 2
-12000	 12000	 1050	 1550	 0	 0	 0	  0.7882	 2
6000	 -6000	 1050	 300	 0	 1	 1	  0.4701	 2
-12000	 6000	 1050	 300	 0	 1	 0	  0.1707	 1
12000	 -12000	 1050	 1050	 0	 0	 1	  1.7061	 2
-6000	 12000	 1050	 550	 0	 1	 1	  0.9757	 2
-6000	 12000	 1050	 550	 1	 0	 0	  0.6363	 1
-12000	 6000	 1050	 550	 0	 1	 1	  0.3873	 1
12000	 -6000	 1050	 1550	 0	 1	 1	  0.2675	 2
-12000	 6000	 1050	 1300	 1	 0	 0	  0.5681	 2
-6000	 12000	 1050	 1800	 1	 0	 1	  2.2276	 1
-12000	 12000	 1050	 1800	 0	 1	 0	  0.9426	 2
12000	 -12000	 1050	 1300	 0	 0	 0	  1.9986	 1
6000	 -6000	 1050	 1300	 1	 0	 0	  0.6448	 2
-12000	 6000	 1050	 1050	 1	 0	 1	  1.6097	 1
-12000	 6000	 1050	 1800	 0	 0	 1	  3.5795	 2
12000	 -6000	 1050	 1800	 1	 0	 1	  0.3881	 2
12000	 -6000	 1050	 550	 0	 0	 0	  0.8042	 1
-12000	 12000	 1050	 550	 1	 0	 0	  1.0277	 1
12000	 -6000	 1050	 1300	 1	 0	 1	  0.0970	 2
-6000	 12000	 1050	 1300	 0	 0	 0	  1.4059	 2
-12000	 6000	 1050	 800	 0	 0	 0	  1.3159	 1
-6000	 6000	 1050	 550	 0	 1	 0	  0.3344	 1
-6000	 12000	 1050	 1050	 0	 1	 1	  1.9304	 1
-12000	 12000	 1050	 1800	 0	 0	 0	  0.1122	 2
-6000	 12000	 1050	 300	 0	 0	 0	  0.1753	 1
-6000	 12000	 1050	 1300	 1	 0	 0	  2.2834	 1
12000	 -12000	 1050	 1550	 1	 0	 0	  0.2492	 2
-6000	 12000	 1050	 1550	 1	 0	 0	  0.0374	 2
-12000	 12000	 1050	 550	 0	 1	 0	  0.0675	 1
-12000	 6000	 1050	 550	 0	 0	 1	  0.0048	 2
-6000	 6000	 1050	 1050	 0	 0	 1	  0.6389	 1
-12000	 12000	 1050	 800	 1	 0	 0	  0.7783	 1
-12000	 12000	 1050	 1550	 0	 1	 0	  0.7337	 1
12000	 -6000	 1050	 300	 1	 0	 1	  0.7860	 1
-12000	 12000	 1050	 800	 0	 0	 0	  1.2300	 1
6000	 -12000	 1050	 1550	 1	 0	 0	  1.3207	 1
-12000	 12000	 1050	 550	 0	 1	 0	  0.1223	 1
6000	 -6000	 1050	 300	 0	 0	 0	  0.4267	 1
6000	 -6000	 1050	 1550	 1	 0	 1	  0.9454	 2
6000	 -12000	 1050	 550	 0	 1	 0	  0.3628	 1
6000	 -6000	 1050	 1800	 0	 1	 1	  0.4342	 2
6000	 -6000	 1050	 800	 0	 1	 0	  0.9450	 2
-6000	 12000	 1050	 1550	 1	 0	 1	  2.2188	 1
-6000	 12000	 1050	 1300	 0	 1	 0	  1.2192	 1
-12000	 6000	 1050	 1050	 0	 0	 1	  0.2985	 1
6000	 -12000	 1050	 1050	 0	 1	 1	  0.6875	 1
6000	 -6000	 1050	 1800	 0	 1	 0	  3.0321	 2
-6000	 6000	 1050	 300	 0	 0	 0	  0.6419	 1
12000	 -6000	 1050	 300	 1	 0	 1	  0.9416	 2
12000	 -12000	 1050	 550	 1	 0	 1	  0.4086	 2
12000	 -12000	 1050	 550	 0	 0	 0	  0.4185	 1
-12000	 6000	 1050	 1800	 1	 0	 1	  0.7064	 1
12000	 -12000	 1050	 550	 0	 1	 0	  0.2993	 1
-6000	 6000	 1050	 1550	 0	 1	 1	  1.7823	 1
-6000	 12000	 1050	 800	 0	 1	 0	  1.4765	 2
6000	 -6000	 1050	 550	 0	 1	 1	  2.7662	 2
12000	 -12000	 1050	 1550	 1	 0	 1	  0.8363	 1
-6000	 6000	 1050	 1050	 1	 0	 0	  0.4810	 1
12000	 -6000	 1050	 800	 0	 1	 0	  0.7949	 2
-6000	 12000	 1050	 1300	 0	 0	 0	  0.2487	 1
-12000	 12000	 1050	 550	 0	 0	 0	  0.4980	 1
12000	 -12000	 1050	 1800	 0	 0	 1	  0.5547	 1
12000	 -12000	 1050	 1050	 1	 0	 1	  0.2675	 2
-12000	 6000	 1050	 550	 0	 1	 0	  1.0364	 2
6000	 -12000	 1050	 1550	 0	 0	 0	  0.3116	 2
6000	 -6000	 1050	 1550	 0	 1	 0	  0.8840	 2
-12000	 12000	 1050	 1550	 1	 0	 1	  0.9528	 1
6000	 -6000	 1050	 1550	 1	 0	 0	  3.0654	 1
-6000	 6000	 1050	 1300	 0	 0	 0	  0.1890	 2
12000	 -6000	 1050	 300	 1	 0	 0	  0.2850	 1
-12000	 6000	 1050	 1800	 1	 0	 0	  2.6147	 2
12000	 -12000	 1050	 1800	 0	 0	 0	  0.0797	 2
-6000	 6000	 1050	 1800	 0	 0	 0	  0.2911	 2
12000	 -12000	 1050	 800	 0	 0	 0	  0.4368	 1
-6000	 12000	 1050	 550	 0	 1	 1	  0.3255	 2
-6000	 6000	 1050	 1050	 0	 1	 0	  0.3932	 1
-6000	 12000	 1050	 300	 0	 1	 0	  0.5906	 1
-6000	 6000	 1050	 550	 0	 0	 1	  0.4641	 2
-6000	 12000	 1050	 300	 1	 0	 1	  0.3693	 2
-6000	 6000	 1050	 1800	 0	 0	 1	  0.9112	 2
12000	 -6000	 1050	 1800	 0	 1	 0	  0.4327	 2
-12000	 6000	 1050	 300	 1	 0	 1	  0.1515	 2
12000	 -12000	 1050	 550	 0	 1	 0	  0.0792	 1
-12000	 12000	 1050	 1050	 1	 0	 1	  0.4332	 2
12000	 -12000	 1050	 1050	 0	 0	 1	  0.2989	 2
12000	 -6000	 1050	 800	 1	 0	 1	  2.6759	 1
-12000	 6000	 1050	 300	 1	 0	 1	  0.1104	 2
-12000	 12000	 1050	 1300	 1	 0	 1	  0.6539	 1
12000	 -12000	 1050	 1550	 0	 0	 1	  0.3815	 1
-6000	 6000	 1050	 1800	 1	 0	 1	  0.6441	 2
-12000	 12000	 1050	 1300	 0	 0	 1	  0.3093	 1
6000	 -12000	 1050	 1050	 0	 0	 1	  0.5990	 2
-6000	 6000	 1050	 800	 0	 1	 0	  0.9476	 1
-6000	 6000	 1050	 1550	 0	 0	 0	  0.0843	 2
-12000	 12000	 1050	 800	 1	 0	 1	  1.3590	 2
12000	 -6000	 1050	 1050	 0	 0	 1	  0.2218	 1
6000	 -6000	 1050	 1550	 0	 0	 1	  0.3253	 1
12000	 -6000	 1050	 1300	 1	 0	 0	  1.5726	 1
-6000	 12000	 1050	 1050	 1	 0	 1	  0.1090	 2
6000	 -12000	 1050	 1800	 0	 1	 1	  0.6457	 1
-6000	 6000	 1050	 1300	 1	 0	 0	  0.4793	 1
-6000	 6000	 1050	 1050	 0	 0	 1	  3.0643	 1
-6000	 12000	 1050	 1050	 0	 1	 1	  4.5043	 2
-6000	 6000	 1050	 800	 0	 1	 1	  1.5465	 2
6000	 -12000	 1050	 1050	 0	 0	 0	  1.2501	 1
-12000	 12000	 1050	 1300	 0	 0	 0	  0.9428	 1
6000	 -6000	 1050	 300	 1	 0	 1	  0.2974	 2
6000	 -6000	 1050	 1800	 0	 1	 1	  0.4736	 1
-12000	 12000	 1050	 800	 0	 1	 0	  0.7487	 1
-6000	 6000	 1050	 300	 0	 0	 0	  0.7136	 1
-12000	 6000	 1050	 1300	 0	 0	 0	  0.7232	 2
12000	 -12000	 1050	 1800	 1	 0	 0	  0.4374	 2
12000	 -12000	 1050	 1300	 0	 0	 0	  0.6778	 2
6000	 -12000	 1050	 1050	 0	 0	 1	  1.4666	 2
-6000	 12000	 1050	 1300	 0	 1	 1	  0.1077	 2
6000	 -12000	 1050	 1800	 0	 0	 0	  0.6083	 2
6000	 -12000	 1050	 550	 0	 0	 1	  0.2118	 2
6000	 -12000	 1050	 1300	 0	 1	 0	  0.2490	 2
-6000	 6000	 1050	 1050	 0	 0	 0	  0.1981	 1
6000	 -12000	 1050	 1300	 0	 1	 1	  0.1450	 1
12000	 -6000	 1050	 1550	 1	 0	 1	  0.7277	 1
6000	 -6000	 1050	 800	 1	 0	 0	  5.3612	 1
6000	 -12000	 1050	 550	 0	 0	 1	  1.9440	 2
12000	 -12000	 1050	 1800	 1	 0	 1	  0.4531	 1
12000	 -12000	 1050	 1300	 0	 1	 0	  1.0277	 2
6000	 -12000	 1050	 300	 0	 0	 1	  0.5128	 2
-6000	 12000	 1050	 1550	 0	 1	 0	  0.4136	 1
12000	 -12000	 1050	 300	 0	 1	 1	  0.1012	 2
-6000	 6000	 1050	 1800	 0	 1	 0	  0.1946	 2
6000	 -6000	 1050	 800	 0	 0	 0	  0.7728	 1
-6000	 6000	 1050	 550	 0	 1	 0	  0.6919	 1
12000	 -12000	 1050	 550	 1	 0	 0	  1.5613	 1
-6000	 6000	 1050	 1050	 0	 1	 1	  0.3961	 2
-6000	 6000	 1050	 800	 1	 0	 1	  0.9862	 2
-6000	 12000	 1050	 800	 1	 0	 0	  0.4320	 1
-12000	 6000	 1050	 1550	 0	 1	 1	  0.3442	 1
-6000	 6000	 1050	 550	 0	 0	 0	  0.2926	 1
-12000	 12000	 1050	 1800	 0	 1	 1	  1.3463	 2
12000	 -6000	 1050	 800	 0	 0	 0	  0.2416	 2
-12000	 12000	 1050	 300	 0	 1	 0	  0.3873	 1
-12000	 12000	 1050	 800	 1	 0	 1	  0.4605	 2
6000	 -6000	 1050	 1300	 0	 0	 1	  0.7070	 2
6000	 -6000	 1050	 1050	 0	 0	 0	  1.1276	 2
6000	 -12000	 1050	 550	 1	 0	 0	  0.2730	 1
-12000	 12000	 1050	 1050	 0	 1	 1	  0.7572	 1
6000	 -6000	 1050	 800	 1	 0	 1	  1.5452	 2
6000	 -12000	 1050	 300	 1	 0	 0	  0.5284	 1
-12000	 12000	 1050	 1800	 0	 1	 1	  0.5647	 1
12000	 -6000	 1050	 300	 1	 0	 0	  0.4420	 1
12000	 -6000	 1050	 1300	 0	 1	 1	  0.4386	 1
6000	 -6000	 1050	 1800	 1	 0	 1	  0.4060	 1
-6000	 6000	 1050	 800	 0	 1	 0	  1.4236	 1
-6000	 12000	 1050	 800	 0	 1	 1	  0.2596	 2
12000	 -12000	 1050	 1550	 0	 1	 0	  0.4048	 1
-12000	 12000	 1050	 1550	 1	 0	 0	  0.7150	 2
12000	 -12000	 1050	 300	 1	 0	 1	  0.8782	 2
-12000	 12000	 1050	 1050	 0	 0	 1	  0.2124	 2
-12000	 12000	 1050	 300	 0	 0	 1	  1.4483	 2
12000	 -6000	 1050	 1800	 0	 1	 1	  1.6927	 1
-6000	 12000	 1050	 800	 1	 0	 1	  0.2736	 2
12000	 -12000	 1050	 800	 0	 1	 1	  0.3406	 2
6000	 -6000	 1050	 1050	 0	 1	 1	  0.2911	 2
-6000	 12000	 1050	 800	 0	 0	 1	  1.0694	 2
12000	 -6000	 1050	 300	 0	 0	 0	  0.3865	 1
6000	 -6000	 1050	 550	 1	 0	 1	  0.2091	 2
-6000	 12000	 1050	 1800	 0	 0	 0	  0.6887	 2
12000	 -6000	 1050	 1800	 0	 1	 0	  0.0333	 2
12000	 -6000	 1050	 1800	 0	 1	 1	  2.0762	 1
-12000	 12000	 1050	 550	 1	 0	 0	  0.2512	 1
-12000	 6000	 1050	 300	 0	 1	 0	  0.4901	 1
12000	 -12000	 1050	 300	 0	 1	 0	  0.8548	 1
-12000	 12000	 1050	 550	 0	 1	 1	  0.0570	 2
-6000	 6000	 1050	 1550	 0	 0	 0	  0.7765	 2
6000	 -12000	 1050	 1800	 0	 0	 1	  0.8050	 1
6000	 -6000	 1050	 1300	 0	 1	 0	  0.5442	 2
6000	 -12000	 1050	 550	 0	 0	 0	  0.2232	 1
12000	 -12000	 1050	 1800	 0	 0	 0	  0.2960	 2
-6000	 6000	 1050	 1550	 0	 1	 0	  0.3056	 2
6000	 -12000	 1050	 800	 1	 0	 1	  1.1092	 2
6000	 -6000	 1050	 1300	 1	 0	 0	  0.3028	 2
12000	 -12000	 1050	 550	 0	 1	 1	  0.3944	 2
6000	 -6000	 1050	 800	 0	 0	 0	  0.2393	 2
6000	 -6000	 1050	 300	 0	 1	 0	  0.6931	 1
12000	 -12000	 1050	 1300	 0	 0	 1	  0.5924	 2
12000	 -12000	 1050	 300	 0	 0	 1	  0.2643	 2
-12000	 12000	 1050	 1050	 0	 1	 1	  0.5313	 1
-12000	 6000	 1050	 800	 1	 0	 0	  0.8989	 1
12000	 -6000	 1050	 1050	 0	 1	 0	  0.1480	 2
-12000	 6000	 1050	 300	 0	 1	 1	  0.2384	 2
-6000	 12000	 1050	 1800	 0	 0	 0	  0.7986	 2
12000	 -6000	 1050	 1550	 0	 1	 0	  0.3619	 2
-12000	 12000	 1050	 1050	 0	 0	 1	  0.2280	 1
6000	 -6000	 1050	 550	 0	 1	 0	  0.8097	 2
6000	 -6000	 1050	 300	 1	 0	 1	  1.3662	 2
12000	 -6000	 1050	 1050	 1	 0	 1	  0.9304	 2
12000	 -6000	 1050	 1550	 0	 0	 1	  0.7649	 1
12000	 -12000	 1050	 550	 1	 0	 1	  0.3240	 2
-12000	 12000	 1050	 1550	 1	 0	 1	  0.4790	 1
6000	 -6000	 1050	 800	 0	 1	 0	  0.7686	 1
-6000	 12000	 1050	 800	 0	 1	 1	  0.2121	 1
-6000	 12000	 1050	 1800	 0	 1	 1	  0.2323	 1
12000	 -6000	 1050	 1800	 0	 0	 1	  0.6208	 1
6000	 -6000	 1050	 800	 0	 1	 1	  2.4148	 2
-6000	 12000	 1050	 1050	 0	 1	 0	  0.3970	 2
12000	 -12000	 1050	 800	 0	 1	 1	  0.3607	 1
12000	 -6000	 1050	 1050	 0	 0	 0	  0.7301	 2
-12000	 12000	 1050	 300	 0	 1	 0	  0.2785	 1
12000	 -6000	 1050	 1800	 0	 0	 1	  1.0186	 2
-12000	 6000	 1050	 1800	 0	 0	 1	  0.7523	 1
12000	 -6000	 1050	 800	 1	 0	 0	  1.9105	 1
12000	 -12000	 1050	 300	 1	 0	 1	  0.2643	 2
6000	 -12000	 1050	 1800	 1	 0	 0	  0.5430	 1
12000	 -12000	 1050	 1050	 0	 1	 1	  0.1929	 1
6000	 -12000	 1050	 550	 1	 0	 0	  0.6184	 1
6000	 -6000	 1050	 1550	 1	 0	 0	  2.1406	 1
-6000	 12000	 1050	 1550	 0	 0	 1	  1.3902	 1
-12000	 6000	 1050	 800	 0	 1	 1	  0.8904	 1
-12000	 6000	 1050	 550	 1	 0	 1	  0.5786	 2
12000	 -6000	 1050	 1050	 0	 0	 0	  0.9897	 1
6000	 -12000	 1050	 1550	 0	 1	 1	  0.4892	 1
12000	 -12000	 1050	 300	 0	 0	 0	  0.0495	 1
6000	 -6000	 1050	 1550	 0	 0	 0	  0.6510	 2
12000	 -6000	 1050	 1050	 0	 1	 0	  0.7295	 2
-6000	 6000	 1050	 300	 0	 0	 1	  0.6894	 1
12000	 -12000	 1050	 1050	 1	 0	 1	  0.3074	 2
6000	 -6000	 1050	 1300	 1	 0	 1	  0.8672	 1
6000	 -12000	 1050	 1300	 0	 0	 0	  0.6179	 2
6000	 -6000	 1050	 300	 0	 0	 0	  1.8010	 1
6000	 -6000	 1050	 550	 0	 1	 1	  0.5939	 2
-6000	 12000	 1050	 300	 0	 1	 1	  1.7034	 2
-12000	 6000	 1050	 1300	 1	 0	 0	  0.5240	 2
6000	 -12000	 1050	 1550	 0	 0	 1	  0.7047	 2
12000	 -12000	 1050	 800	 0	 0	 1	  0.7455	 2
12000	 -6000	 1050	 550	 1	 0	 1	  0.5988	 2
6000	 -12000	 1050	 550	 0	 1	 1	  0.8301	 2
-6000	 6000	 1050	 300	 1	 0	 1	  0.5884	 2
12000	 -12000	 1050	 1550	 0	 0	 0	  0.4423	 2
-6000	 12000	 1050	 800	 1	 0	 1	  0.5915	 2
-6000	 12000	 1050	 1550	 0	 0	 0	  0.2325	 2
12000	 -6000	 1050	 1050	 1	 0	 0	  1.6742	 1
-6000	 12000	 1050	 550	 1	 0	 1	  0.6014	 2
6000	 -6000	 1050	 300	 0	 1	 1	  0.5600	 2
-6000	 6000	 1050	 1800	 1	 0	 0	  1.4927	 1
12000	 -12000	 1050	 1800	 1	 0	 1	  1.5743	 2
12000	 -12000	 1050	 800	 1	 0	 1	  0.4241	 2
12000	 -12000	 1050	 1550	 0	 0	 0	  0.1812	 1
6000	 -12000	 1050	 1800	 0	 1	 0	  0.3297	 2
-6000	 6000	 1050	 1300	 0	 0	 0	  1.5804	 1
-12000	 6000	 1050	 1800	 0	 1	 1	  0.8650	 2
12000	 -6000	 1050	 1050	 1	 0	 0	  1.2052	 1
-12000	 6000	 1050	 1550	 0	 0	 1	  0.3581	 1
-12000	 6000	 1050	 1800	 1	 0	 1	  2.4130	 2
6000	 -12000	 1050	 1050	 0	 1	 1	  0.3463	 2
12000	 -12000	 1050	 1550	 0	 1	 0	  1.3555	 1
-12000	 6000	 1050	 550	 0	 1	 1	  0.3568	 1
-6000	 6000	 1050	 1550	 1	 0	 0	  1.6778	 2
6000	 -6000	 1050	 1800	 0	 0	 1	  0.7555	 2
6000	 -6000	 1050	 300	 0	 1	 0	  0.3070	 1
6000	 -6000	 1050	 1050	 0	 1	 1	  2.0777	 1
6000	 -12000	 1050	 1800	 0	 0	 0	  0.3196	 1
12000	 -6000	 1050	 1300	 0	 1	 0	  5.6200	 1
-6000	 12000	 1050	 1050	 0	 0	 1	  0.5731	 2
-12000	 6000	 1050	 1050	 0	 0	 0	  0.5370	 1
-12000	 12000	 1050	 1300	 0	 0	 1	  0.9055	 1
6000	 -6000	 1050	 1050	 0	 1	 0	  0.6613	 2
12000	 -12000	 1050	 1800	 0	 1	 1	  0.3339	 1
6000	 -12000	 1050	 300	 0	 0	 1	  0.5385	 2
6000	 -12000	 1050	 550	 0	 0	 0	  0.6036	 1
-12000	 6000	 1050	 800	 0	 1	 1	  0.4987	 1
6000	 -12000	 1050	 1550	 1	 0	 0	  1.1028	 2
-12000	 6000	 1050	 1800	 0	 0	 0	  1.1884	 2
-6000	 12000	 1050	 1300	 0	 1	 1	  1.1171	 2
-12000	 6000	 1050	 1050	 1	 0	 0	  1.0906	 1
-12000	 6000	 1050	 1300	 0	 1	 1	  0.3204	 1
-12000	 6000	 1050	 300	 1	 0	 0	  0.3700	 1
-12000	 6000	 1050	 300	 0	 0	 1	  0.9188	 2
12000	 -12000	 1050	 800	 0	 0	 1	  0.2348	 2
12000	 -12000	 1050	 1050	 0	 1	 0	  0.4309	 2
-12000	 12000	 1050	 1550	 1	 0	 0	  0.6553	 2
-6000	 6000	 1050	 1550	 0	 0	 1	  0.1466	 2
-12000	 12000	 1050	 1800	 1	 0	 1	  1.3942	 2
-12000	 6000	 1050	 550	 0	 0	 0	  0.4950	 2
-12000	 6000	 1050	 300	 0	 0	 0	  0.5077	 1
12000	 -6000	 1050	 550	 0	 1	 0	  1.5343	 2
6000	 -12000	 1050	 800	 0	 1	 1	  0.4644	 2
6000	 -6000	 1050	 1800	 0	 0	 1	  0.3283	 1
-12000	 6000	 1050	 1300	 1	 0	 1	  0.4492	 1
-12000	 12000	 1050	 300	 1	 0	 1	  0.6508	 2
6000	 -12000	 1050	 1550	 0	 0	 0	  0.0915	 1
6000	 -12000	 1050	 800	 1	 0	 0	  0.3358	 1
12000	 -6000	 1050	 1800	 0	 0	 0	  0.4792	 2
-6000	 12000	 1050	 550	 0	 1	 0	  0.6919	 1
-12000	 6000	 1050	 800	 0	 0	 1	  1.3162	 2
6000	 -6000	 1050	 1800	 1	 0	 0	  0.2814	 1
6000	 -6000	 1050	 1800	 1	 0	 1	  1.2615	 1
6000	 -6000	 1050	 550	 0	 0	 1	  1.0595	 2
12000	 -12000	 1050	 1800	 0	 1	 1	  0.6951	 1
12000	 -12000	 1050	 1550	 1	 0	 1	  0.2795	 1
12000	 -6000	 1050	 1550	 0	 1	 0	  0.8205	 2
-6000	 6000	 1050	 1050	 0	 1	 0	  0.2724	 1
-6000	 6000	 1050	 1300	 0	 1	 1	  0.5296	 1
6000	 -6000	 1050	 550	 0	 1	 0	  0.2500	 2
6000	 -12000	 1050	 300	 0	 1	 1	  0.4784	 2
-6000	 6000	 1050	 800	 0	 1	 1	  1.4093	 2
-6000	 6000	 1050	 1550	 0	 0	 1	  0.1372	 2
6000	 -12000	 1050	 800	 0	 0	 0	  1.3494	 1
6000	 -6000	 1050	 1550	 0	 0	 0	  1.3413	 1
-6000	 6000	 1050	 1800	 0	 0	 1	  0.2206	 2
-12000	 12000	 1050	 1050	 1	 0	 0	  1.8851	 2
-12000	 12000	 1050	 1800	 1	 0	 0	  0.2258	 2
-6000	 12000	 1050	 550	 1	 0	 1	  0.0415	 2
-12000	 12000	 1050	 1050	 1	 0	 0	  0.5535	 2
-6000	 12000	 1050	 1550	 0	 1	 0	  0.6112	 1
6000	 -12000	 1050	 1050	 1	 0	 1	  0.9019	 2
-6000	 12000	 1050	 1800	 0	 0	 1	  0.3760	 2
-6000	 6000	 1050	 1550	 0	 1	 0	  0.3958	 2
6000	 -6000	 1050	 1050	 0	 1	 0	  0.7628	 2
-12000	 6000	 1050	 1050	 1	 0	 0	  0.6634	 1
-12000	 12000	 1050	 800	 1	 0	 0	  0.2854	 1
6000	 -6000	 1050	 1300	 0	 1	 1	  1.5538	 1
-6000	 12000	 1050	 1800	 1	 0	 1	  0.5395	 2
-12000	 12000	 1050	 550	 0	 1	 1	  0.5602	 2
12000	 -6000	 1050	 800	 0	 0	 1	  0.4801	 2
12000	 -6000	 1050	 800	 0	 1	 1	  0.0141	 1
-12000	 6000	 1050	 1800	 0	 1	 0	  0.7097	 2
12000	 -12000	 1050	 1800	 0	 1	 0	  0.6449	 2
-6000	 12000	 1050	 300	 1	 0	 0	  0.3989	 1
12000	 -12000	 1050	 550	 0	 0	 0	  0.0996	 1
12000	 -12000	 1050	 1300	 1	 0	 0	  0.6045	 1
-6000	 12000	 1050	 1050	 1	 0	 1	  0.5192	 2
6000	 -12000	 1050	 800	 0	 0	 0	  0.8152	 1
-12000	 12000	 1050	 300	 0	 1	 1	  0.6353	 2
-12000	 6000	 1050	 1300	 0	 1	 1	  0.7494	 2
-12000	 12000	 1050	 1800	 0	 0	 1	  0.3515	 1
12000	 -6000	 1050	 1550	 1	 0	 0	  0.5783	 2
-6000	 6000	 1050	 550	 1	 0	 1	  0.3603	 1
12000	 -6000	 1050	 800	 1	 0	 0	  2.6987	 2
-12000	 12000	 1050	 1800	 0	 1	 0	  0.0923	 2
12000	 -12000	 1050	 300	 0	 0	 0	  0.6206	 1
-6000	 12000	 1050	 1300	 0	 1	 0	  0.2352	 2
6000	 -12000	 1050	 1800	 1	 0	 1	  0.1463	 2
6000	 -6000	 1050	 1050	 1	 0	 1	  0.3341	 2
12000	 -12000	 1050	 1800	 1	 0	 0	  1.9388	 2
-12000	 6000	 1050	 1550	 0	 1	 1	  0.6463	 1
12000	 -12000	 1050	 1050	 0	 0	 0	  0.4022	 1
6000	 -12000	 1050	 300	 0	 1	 0	  0.1712	 1
-12000	 12000	 1050	 1050	 0	 1	 0	  0.7480	 1
-12000	 6000	 1050	 300	 0	 0	 0	  0.5868	 1
6000	 -6000	 1050	 1550	 0	 1	 1	  0.7055	 1
12000	 -12000	 1050	 550	 0	 0	 1	  0.5898	 2
12000	 -6000	 1050	 1300	 1	 0	 1	  0.4454	 2
-12000	 6000	 1050	 300	 0	 1	 1	  0.6323	 2
-12000	 12000	 1050	 800	 0	 1	 0	  2.5399	 2
-6000	 6000	 1050	 1050	 1	 0	 1	  1.0046	 2
-12000	 12000	 1050	 1800	 0	 0	 0	  0.8203	 1
-12000	 12000	 1050	 1800	 1	 0	 1	  0.3712	 2
6000	 -12000	 1050	 1050	 0	 1	 0	  0.6303	 1
12000	 -6000	 1050	 800	 0	 0	 1	  0.6886	 1
6000	 -6000	 1050	 800	 0	 0	 1	  0.4459	 1
-12000	 12000	 1050	 1300	 0	 1	 0	  1.2951	 2
12000	 -6000	 1050	 300	 0	 1	 0	  0.3400	 1
6000	 -6000	 1050	 800	 0	 0	 1	  0.3288	 2
6000	 -12000	 1050	 800	 0	 1	 0	  0.1456	 1
6000	 -12000	 1050	 1300	 0	 1	 1	  0.0078	 1
6000	 -12000	 1050	 800	 0	 1	 0	  0.2690	 2
6000	 -6000	 1050	 300	 1	 0	 0	  0.4756	 1
-6000	 6000	 1050	 300	 1	 0	 0	  0.3704	 1
-6000	 6000	 1050	 300	 1	 0	 1	  0.5134	 2
12000	 -6000	 1050	 1550	 0	 1	 1	  0.6911	 1
-6000	 6000	 1050	 550	 1	 0	 1	  1.5922	 1
-12000	 12000	 1050	 1550	 0	 1	 1	  0.4202	 1
6000	 -6000	 1050	 300	 0	 0	 1	  0.2873	 2
6000	 -6000	 1050	 550	 1	 0	 1	  0.1590	 2
6000	 -6000	 1050	 1050	 1	 0	 1	  0.6797	 1
-12000	 12000	 1050	 300	 1	 0	 0	  0.2340	 1
-6000	 12000	 1050	 800	 0	 0	 0	  0.1104	 1
-6000	 6000	 1050	 800	 1	 0	 0	  0.1717	 1
12000	 -6000	 1050	 300	 0	 0	 1	  0.5510	 2
12000	 -6000	 1050	 550	 0	 0	 1	  0.3852	 1
-12000	 6000	 1050	 550	 0	 0	 0	  0.5383	 1
6000	 -6000	 1050	 1050	 1	 0	 0	  0.5796	 1
6000	 -6000	 1050	 550	 0	 0	 1	  0.6480	 2
-12000	 12000	 1050	 1550	 0	 1	 1	  0.3479	 1
6000	 -12000	 1050	 800	 0	 0	 1	  1.4212	 2
12000	 -6000	 1050	 1050	 1	 0	 1	  0.3808	 1
-6000	 6000	 1050	 800	 0	 0	 1	  0.7399	 1
-6000	 12000	 1050	 1550	 0	 0	 0	  0.2570	 2
6000	 -6000	 1050	 1050	 0	 0	 1	  1.1975	 1
-6000	 12000	 1050	 1800	 0	 1	 1	  1.7131	 2
6000	 -12000	 1050	 800	 0	 1	 1	  0.5319	 2
-12000	 12000	 1050	 300	 1	 0	 0	  0.4754	 1
-12000	 6000	 1050	 1050	 0	 0	 0	  0.6036	 2
6000	 -12000	 1050	 300	 0	 1	 1	  0.4049	 2
6000	 -6000	 1050	 800	 1	 0	 0	  0.6365	 1
12000	 -6000	 1050	 1550	 0	 0	 0	  1.0375	 2
12000	 -12000	 1050	 1800	 0	 1	 0	  0.4849	 2
-12000	 12000	 1050	 1050	 0	 1	 0	  0.3506	 2
-6000	 12000	 1050	 550	 0	 1	 0	  0.3626	 1
6000	 -6000	 1050	 1800	 0	 0	 0	  0.1761	 1
-6000	 6000	 1050	 1550	 1	 0	 0	  0.2506	 1
6000	 -6000	 1050	 550	 1	 0	 0	  0.0214	 1
6000	 -12000	 1050	 1300	 0	 0	 0	  0.1593	 1
-12000	 12000	 1050	 300	 0	 0	 0	  0.3990	 1
