-6000	 6000	 1050	 1800	 0	 0	 0	  1.5572	 2
-12000	 6000	 1050	 1050	 1	 0	 1	  0.8668	 1
-12000	 6000	 1050	 1300	 1	 0	 1	  0.1831	 1
-6000	 6000	 1050	 1550	 0	 1	 1	  1.0816	 1
-6000	 6000	 1050	 300	 0	 0	 0	  0.4391	 1
12000	 -12000	 1050	 300	 1	 0	 0	  0.2553	 1
6000	 -12000	 1050	 300	 0	 1	 0	  0.3241	 1
6000	 -6000	 1050	 1300	 0	 1	 0	  0.4310	 2
12000	 -12000	 1050	 1300	 0	 0	 0	  0.2992	 2
-6000	 12000	 1050	 550	 0	 1	 0	  1.7568	 1
-6000	 12000	 1050	 1050	 1	 0	 1	  0.4075	 2
6000	 -6000	 1050	 1300	 0	 1	 1	  0.3643	 1
12000	 -6000	 1050	 800	 0	 0	 1	  0.3902	 2
-6000	 12000	 1050	 300	 1	 0	 1	  0.6489	 2
6000	 -6000	 1050	 550	 0	 1	 1	  0.5250	 1
12000	 -6000	 1050	 550	 0	 0	 1	  0.2650	 2
12000	 -12000	 1050	 1550	 0	 0	 1	  0.2185	 1
12000	 -6000	 1050	 300	 1	 0	 1	  0.2466	 2
-6000	 12000	 1050	 800	 0	 0	 1	  0.5608	 2
-12000	 12000	 1050	 1050	 0	 0	 1	  0.5353	 2
12000	 -6000	 1050	 1300	 1	 0	 0	  0.8548	 1
6000	 -6000	 1050	 300	 0	 0	 1	  0.2847	 2
-6000	 6000	 1050	 300	 0	 1	 0	  0.3646	 1
6000	 -12000	 1050	 800	 0	 0	 1	  0.2794	 2
-6000	 12000	 1050	 1550	 0	 1	 1	  0.2854	 1
6000	 -12000	 1050	 1300	 0	 1	 0	  0.2142	 2
-6000	 6000	 1050	 1800	 0	 0	 1	  1.2295	 2
12000	 -6000	 1050	 1550	 1	 0	 0	  0.3746	 2
-12000	 6000	 1050	 1050	 0	 0	 0	  0.2693	 1
-6000	 6000	 1050	 1300	 1	 0	 0	  0.5650	 2
12000	 -6000	 1050	 300	 0	 0	 1	  0.2701	 2
12000	 -12000	 1050	 550	 0	 0	 1	  0.3122	 2
6000	 -12000	 1050	 300	 1	 0	 0	  0.3578	 1
-12000	 6000	 1050	 1050	 0	 1	 1	  0.5089	 2
-6000	 6000	 1050	 550	 1	 0	 1	  0.8507	 2
12000	 -6000	 1050	 550	 0	 0	 1	  0.3314	 1
6000	 -6000	 1050	 1800	 0	 0	 0	  0.3227	 2
-12000	 6000	 1050	 800	 0	 1	 1	  0.2981	 2
6000	 -12000	 1050	 800	 0	 0	 0	  0.2377	 1
-6000	 12000	 1050	 1550	 0	 0	 1	  0.3887	 1
-12000	 6000	 1050	 550	 1	 0	 1	  0.3858	 2
12000	 -12000	 1050	 1300	 1	 0	 1	  0.7212	 1
-12000	 12000	 1050	 1800	 0	 1	 1	  0.3383	 1
6000	 -12000	 1050	 1550	 0	 0	 0	  0.2669	 2
6000	 -6000	 1050	 550	 0	 0	 0	  0.3977	 1
12000	 -12000	 1050	 1550	 1	 0	 1	  0.3472	 1
-6000	 12000	 1050	 1300	 0	 1	 1	  0.2900	 1
6000	 -12000	 1050	 800	 0	 0	 1	  0.3378	 2
6000	 -12000	 1050	 550	 0	 0	 1	  0.3474	 2
-12000	 12000	 1050	 1050	 0	 1	 1	  0.2326	 1
6000	 -6000	 1050	 800	 1	 0	 0	  0.2574	 1
12000	 -12000	 1050	 1050	 0	 1	 0	  0.2462	 2
-12000	 12000	 1050	 550	 0	 0	 1	  0.2392	 2
-6000	 6000	 1050	 1300	 0	 1	 0	  0.2723	 2
6000	 -6000	 1050	 1300	 0	 0	 0	  0.6008	 2
12000	 -6000	 1050	 800	 1	 0	 0	  0.3437	 1
-12000	 12000	 1050	 800	 1	 0	 0	  0.2500	 1
6000	 -12000	 1050	 550	 0	 0	 0	  0.3038	 1
6000	 -12000	 1050	 1300	 0	 0	 0	  0.2886	 2
-6000	 12000	 1050	 1050	 0	 1	 0	  0.6040	 1
-12000	 6000	 1050	 1550	 1	 0	 1	  0.2630	 1
-6000	 12000	 1050	 1800	 0	 1	 0	  0.1690	 2
-12000	 12000	 1050	 1550	 0	 0	 0	  0.2090	 2
6000	 -6000	 1050	 300	 0	 1	 1	  0.2504	 2
6000	 -12000	 1050	 1550	 0	 0	 1	  0.5423	 1
12000	 -12000	 1050	 800	 0	 0	 0	  0.3451	 1
12000	 -12000	 1050	 1300	 1	 0	 0	  0.2104	 2
6000	 -12000	 1050	 1050	 0	 1	 0	  0.2177	 2
6000	 -6000	 1050	 1800	 0	 0	 1	  0.2107	 1
12000	 -12000	 1050	 550	 0	 1	 1	  0.2738	 2
-12000	 12000	 1050	 1800	 0	 1	 0	  0.1997	 2
-6000	 6000	 1050	 800	 0	 0	 0	  0.7372	 2
-12000	 12000	 1050	 550	 1	 0	 1	  0.2283	 2
-6000	 6000	 1050	 1550	 0	 0	 1	  0.7860	 1
6000	 -12000	 1050	 1800	 1	 0	 1	  0.4530	 1
12000	 -6000	 1050	 800	 1	 0	 1	  0.2514	 2
-12000	 6000	 1050	 300	 0	 1	 1	  0.2884	 2
-12000	 12000	 1050	 800	 0	 1	 1	  0.2290	 1
12000	 -6000	 1050	 1550	 0	 0	 1	  0.0069	 1
6000	 -6000	 1050	 800	 0	 1	 1	  0.4178	 1
12000	 -6000	 1050	 1550	 0	 0	 1	  0.1949	 1
6000	 -12000	 1050	 1050	 1	 0	 0	  0.2144	 1
12000	 -12000	 1050	 1550	 1	 0	 0	  0.2323	 2
-12000	 6000	 1050	 1550	 0	 1	 0	  0.1489	 2
12000	 -6000	 1050	 300	 0	 1	 1	  1.4201	 1
-6000	 6000	 1050	 800	 1	 0	 0	  0.2137	 1
-12000	 6000	 1050	 1550	 0	 0	 0	  0.5811	 2
12000	 -12000	 1050	 1300	 1	 0	 0	  0.2712	 2
6000	 -12000	 1050	 1550	 1	 0	 0	  0.6491	 1
6000	 -12000	 1050	 1050	 0	 0	 1	  0.3254	 1
-12000	 12000	 1050	 1800	 0	 1	 1	  0.2455	 1
-6000	 12000	 1050	 800	 0	 0	 0	  0.2412	 2
12000	 -12000	 1050	 800	 0	 0	 0	  0.9687	 1
12000	 -12000	 1050	 1550	 0	 1	 0	  0.2288	 2
6000	 -6000	 1050	 1300	 1	 0	 0	  0.2196	 2
12000	 -12000	 1050	 800	 1	 0	 0	  0.3214	 1
-6000	 12000	 1050	 1800	 1	 0	 0	  0.1103	 2
6000	 -6000	 1050	 300	 1	 0	 0	  0.2230	 1
6000	 -6000	 1050	 1050	 0	 1	 1	  0.1181	 1
-12000	 12000	 1050	 1300	 1	 0	 0	  0.1485	 2
6000	 -6000	 1050	 800	 0	 1	 0	  0.5549	 1
-6000	 6000	 1050	 1550	 0	 0	 0	  0.1553	 2
-12000	 6000	 1050	 1550	 1	 0	 0	  0.1556	 2
-12000	 6000	 1050	 550	 1	 0	 0	  0.5738	 1
-6000	 6000	 1050	 1300	 0	 1	 1	  0.2218	 1
-12000	 6000	 1050	 1800	 1	 0	 1	  0.1846	 1
6000	 -6000	 1050	 1800	 0	 1	 1	  0.2173	 1
-6000	 12000	 1050	 1550	 0	 0	 0	  0.2768	 2
-12000	 6000	 1050	 1300	 0	 1	 1	  0.2216	 1
12000	 -6000	 1050	 1800	 0	 1	 1	  0.2718	 1
-6000	 6000	 1050	 550	 1	 0	 0	  0.3008	 1
12000	 -6000	 1050	 1800	 0	 0	 1	  0.3135	 1
12000	 -12000	 1050	 1800	 0	 0	 0	  0.1458	 2
-6000	 12000	 1050	 550	 0	 0	 1	  0.1137	 2
-6000	 12000	 1050	 1550	 0	 1	 1	  0.1105	 1
-12000	 6000	 1050	 1300	 0	 1	 0	  0.6965	 2
12000	 -12000	 1050	 1800	 1	 0	 0	  0.4425	 2
6000	 -12000	 1050	 300	 0	 1	 1	  0.2660	 2
-6000	 6000	 1050	 800	 1	 0	 0	  0.2163	 1
6000	 -12000	 1050	 1550	 1	 0	 1	  0.0890	 1
-12000	 12000	 1050	 1300	 0	 0	 1	  0.2704	 1
-6000	 6000	 1050	 550	 0	 1	 1	  0.2288	 1
-12000	 6000	 1050	 1300	 1	 0	 1	  0.2768	 2
6000	 -6000	 1050	 550	 1	 0	 1	  0.2781	 1
12000	 -6000	 1050	 800	 0	 1	 1	  0.3758	 1
-6000	 12000	 1050	 1550	 0	 0	 0	  0.2209	 2
12000	 -12000	 1050	 1300	 0	 1	 0	  0.1404	 2
12000	 -6000	 1050	 1050	 0	 0	 0	  0.1232	 2
6000	 -6000	 1050	 1550	 1	 0	 1	  0.2100	 1
-12000	 12000	 1050	 550	 0	 1	 0	  0.2387	 1
-12000	 12000	 1050	 1800	 0	 0	 1	  0.1860	 1
12000	 -12000	 1050	 550	 0	 1	 1	  0.1791	 2
-6000	 12000	 1050	 1800	 0	 0	 1	  0.1406	 1
-6000	 6000	 1050	 800	 1	 0	 1	  0.8261	 1
-6000	 12000	 1050	 1550	 0	 0	 1	  0.1357	 1
-12000	 6000	 1050	 1050	 0	 0	 0	  0.2278	 1
6000	 -6000	 1050	 1800	 0	 1	 0	  0.2350	 2
-12000	 12000	 1050	 1300	 0	 1	 1	  0.3041	 1
6000	 -12000	 1050	 1050	 0	 0	 0	  0.3411	 2
-12000	 12000	 1050	 550	 0	 0	 0	  1.0612	 1
-12000	 12000	 1050	 550	 0	 1	 1	  1.1002	 2
-6000	 12000	 1050	 300	 0	 1	 1	  0.2101	 2
6000	 -6000	 1050	 1800	 0	 1	 0	  0.0983	 2
-6000	 6000	 1050	 1050	 0	 0	 0	  0.2677	 1
12000	 -12000	 1050	 300	 0	 1	 0	  0.3079	 1
12000	 -6000	 1050	 300	 1	 0	 1	  0.2182	 2
-12000	 6000	 1050	 800	 1	 0	 0	  0.1844	 1
6000	 -12000	 1050	 1800	 0	 0	 1	  0.2892	 1
6000	 -6000	 1050	 1800	 1	 0	 0	  0.2425	 1
12000	 -12000	 1050	 300	 0	 1	 1	  0.1897	 2
12000	 -6000	 1050	 1550	 0	 1	 0	  0.8249	 2
6000	 -6000	 1050	 1300	 0	 0	 1	  0.1809	 1
6000	 -12000	 1050	 1800	 0	 1	 0	  0.2151	 2
-6000	 12000	 1050	 800	 1	 0	 0	  0.2553	 1
-12000	 12000	 1050	 550	 0	 1	 0	  0.2860	 1
12000	 -12000	 1050	 1050	 1	 0	 1	  0.1315	 2
-6000	 12000	 1050	 300	 0	 1	 1	  0.1196	 2
-12000	 6000	 1050	 1300	 0	 0	 1	  0.0675	 1
6000	 -12000	 1050	 1800	 0	 1	 1	  0.1029	 1
-12000	 6000	 1050	 550	 0	 0	 1	  0.1648	 2
6000	 -6000	 1050	 800	 0	 0	 1	  1.0939	 2
-12000	 6000	 1050	 1800	 0	 0	 1	  0.2176	 1
12000	 -12000	 1050	 800	 1	 0	 0	  0.1439	 1
-12000	 12000	 1050	 1800	 1	 0	 0	  0.3739	 2
-12000	 6000	 1050	 1800	 1	 0	 1	  0.7386	 1
6000	 -12000	 1050	 300	 0	 1	 1	  0.0924	 2
12000	 -12000	 1050	 800	 1	 0	 1	  0.1084	 1
12000	 -12000	 1050	 1550	 1	 0	 1	  0.1607	 1
6000	 -12000	 1050	 800	 0	 1	 1	  0.0600	 2
6000	 -6000	 1050	 1550	 0	 1	 0	  0.3401	 2
-6000	 6000	 1050	 300	 0	 1	 1	  0.0819	 2
-12000	 6000	 1050	 1800	 0	 1	 0	  0.1647	 2
6000	 -12000	 1050	 300	 1	 0	 1	  0.1606	 2
6000	 -6000	 1050	 1050	 0	 1	 1	  0.2748	 1
12000	 -12000	 1050	 1300	 0	 1	 1	  0.2584	 1
6000	 -12000	 1050	 1300	 0	 1	 0	  0.0922	 2
6000	 -6000	 1050	 1550	 0	 0	 0	  0.3851	 2
-6000	 6000	 1050	 550	 0	 1	 1	  0.1169	 2
12000	 -6000	 1050	 1050	 1	 0	 0	  0.5120	 1
-6000	 6000	 1050	 1300	 0	 0	 0	  0.2695	 2
12000	 -12000	 1050	 800	 0	 0	 1	  0.3460	 1
-12000	 6000	 1050	 300	 0	 0	 0	  0.2063	 1
12000	 -6000	 1050	 1550	 0	 1	 0	  0.1457	 2
6000	 -6000	 1050	 1550	 0	 1	 1	  0.1089	 1
12000	 -6000	 1050	 1050	 0	 1	 1	  0.2798	 1
-6000	 12000	 1050	 300	 0	 0	 0	  0.0691	 1
-6000	 6000	 1050	 550	 0	 1	 0	  0.2353	 1
12000	 -12000	 1050	 1550	 0	 0	 0	  0.5861	 2
-6000	 6000	 1050	 300	 0	 0	 0	  0.2545	 1
6000	 -6000	 1050	 550	 0	 1	 0	  0.0818	 2
-12000	 12000	 1050	 300	 0	 0	 0	  0.2068	 1
-6000	 12000	 1050	 1550	 1	 0	 1	  0.2401	 1
-6000	 6000	 1050	 550	 1	 0	 1	  0.2055	 2
6000	 -6000	 1050	 550	 0	 0	 1	  0.2470	 1
12000	 -12000	 1050	 1800	 1	 0	 1	  0.8688	 1
-6000	 6000	 1050	 1050	 1	 0	 0	  0.3713	 2
-6000	 6000	 1050	 550	 0	 0	 0	  0.2066	 1
6000	 -12000	 1050	 800	 1	 0	 0	  0.3351	 1
-6000	 12000	 1050	 1050	 1	 0	 0	  0.6100	 1
-12000	 12000	 1050	 1050	 0	 1	 1	  0.1748	 1
-12000	 12000	 1050	 1050	 0	 0	 0	  0.0591	 2
-12000	 6000	 1050	 1300	 0	 0	 0	  0.3151	 1
-6000	 12000	 1050	 300	 1	 0	 0	  0.2608	 1
12000	 -6000	 1050	 300	 0	 1	 0	  0.2136	 1
6000	 -12000	 1050	 1050	 1	 0	 0	  0.1630	 1
-12000	 6000	 1050	 1550	 0	 1	 1	  0.1989	 1
-12000	 6000	 1050	 1800	 1	 0	 0	  0.1482	 2
12000	 -6000	 1050	 1800	 1	 0	 0	  0.2288	 2
6000	 -6000	 1050	 300	 0	 1	 1	  0.2098	 2
-12000	 6000	 1050	 800	 0	 0	 0	  0.3120	 1
-12000	 12000	 1050	 300	 0	 1	 1	  0.2265	 2
-12000	 12000	 1050	 1300	 1	 0	 0	  0.1889	 2
6000	 -12000	 1050	 1800	 1	 0	 0	  0.5064	 1
12000	 -6000	 1050	 800	 1	 0	 1	  0.1121	 2
-12000	 6000	 1050	 300	 1	 0	 1	  0.2065	 2
-12000	 12000	 1050	 300	 0	 0	 0	  0.3103	 1
-6000	 6000	 1050	 1550	 1	 0	 0	  0.1199	 2
-6000	 12000	 1050	 1800	 1	 0	 1	  0.1166	 1
6000	 -6000	 1050	 1300	 0	 1	 1	  0.1788	 1
6000	 -6000	 1050	 800	 0	 0	 1	  0.1958	 2
12000	 -12000	 1050	 550	 0	 0	 0	  0.0766	 1
-6000	 12000	 1050	 800	 1	 0	 1	  0.0978	 2
6000	 -12000	 1050	 1550	 0	 0	 1	  0.2447	 1
12000	 -12000	 1050	 300	 0	 1	 1	  0.1490	 2
6000	 -12000	 1050	 1800	 0	 0	 0	  0.2487	 2
-6000	 6000	 1050	 1050	 0	 1	 0	  0.1905	 2
12000	 -12000	 1050	 1550	 1	 0	 0	  0.2230	 2
-6000	 6000	 1050	 800	 0	 1	 0	  0.1926	 2
-6000	 6000	 1050	 1800	 0	 0	 1	  0.2644	 1
6000	 -12000	 1050	 550	 1	 0	 0	  0.8335	 1
-6000	 6000	 1050	 1800	 0	 1	 0	  0.1096	 2
-6000	 12000	 1050	 550	 1	 0	 1	  0.0834	 2
-12000	 12000	 1050	 1800	 1	 0	 0	  0.1727	 1
-6000	 12000	 1050	 1300	 0	 0	 1	  0.0851	 1
-12000	 6000	 1050	 1300	 1	 0	 0	  0.3320	 2
-12000	 6000	 1050	 550	 1	 0	 0	  0.6117	 1
6000	 -6000	 1050	 1300	 1	 0	 1	  0.1427	 1
-6000	 6000	 1050	 1050	 1	 0	 1	  1.0836	 2
-12000	 12000	 1050	 550	 1	 0	 0	  1.3664	 1
6000	 -6000	 1050	 1800	 1	 0	 1	  0.2116	 1
12000	 -12000	 1050	 1550	 0	 0	 0	  0.2129	 2
-12000	 6000	 1050	 550	 0	 1	 0	  0.2811	 1
12000	 -12000	 1050	 1800	 0	 1	 0	  0.2466	 2
-12000	 12000	 1050	 1550	 0	 0	 1	  0.3522	 1
-12000	 12000	 1050	 550	 0	 0	 0	  0.1983	 1
-12000	 6000	 1050	 1050	 1	 0	 0	  0.6007	 1
-12000	 12000	 1050	 1050	 0	 1	 0	  0.1695	 2
12000	 -6000	 1050	 300	 0	 1	 1	  0.1913	 2
-6000	 12000	 1050	 800	 1	 0	 0	  0.1206	 1
-12000	 12000	 1050	 1800	 0	 0	 0	  0.2004	 2
-6000	 12000	 1050	 300	 0	 0	 1	  0.0246	 2
-6000	 6000	 1050	 300	 0	 0	 1	  0.2093	 2
-6000	 12000	 1050	 550	 0	 0	 0	  0.2549	 1
-6000	 12000	 1050	 1300	 0	 0	 0	  0.5612	 1
6000	 -12000	 1050	 1300	 0	 1	 1	  0.1586	 1
-12000	 12000	 1050	 300	 1	 0	 1	  0.2338	 2
12000	 -6000	 1050	 1800	 1	 0	 1	  0.2890	 1
-6000	 12000	 1050	 1300	 1	 0	 0	  0.2780	 1
-12000	 12000	 1050	 1800	 0	 1	 0	  0.1595	 2
6000	 -6000	 1050	 1050	 1	 0	 1	  0.0812	 2
-6000	 6000	 1050	 1550	 0	 0	 1	  0.3028	 1
-12000	 12000	 1050	 800	 0	 0	 0	  0.2731	 1
12000	 -12000	 1050	 1800	 0	 1	 1	  0.3049	 1
-12000	 6000	 1050	 550	 0	 1	 1	  0.7130	 1
-6000	 12000	 1050	 550	 1	 0	 1	  1.0037	 2
-12000	 12000	 1050	 1050	 1	 0	 1	  2.4844	 2
-12000	 6000	 1050	 1550	 1	 0	 1	  0.3911	 1
12000	 -6000	 1050	 1800	 0	 1	 1	  0.3185	 1
12000	 -6000	 1050	 1800	 0	 1	 0	  0.0621	 2
-12000	 6000	 1050	 800	 0	 1	 0	  0.2995	 2
-6000	 6000	 1050	 1050	 0	 1	 0	  0.5276	 2
-12000	 6000	 1050	 1550	 0	 0	 1	  0.0979	 1
12000	 -6000	 1050	 1550	 0	 1	 1	  0.2066	 1
6000	 -6000	 1050	 1050	 1	 0	 0	  0.2089	 1
-12000	 12000	 1050	 550	 0	 1	 1	  0.2323	 1
12000	 -6000	 1050	 1300	 0	 1	 0	  0.3919	 2
-12000	 6000	 1050	 300	 1	 0	 0	  1.4614	 1
12000	 -6000	 1050	 1050	 0	 0	 0	  0.0777	 2
-12000	 12000	 1050	 1550	 0	 0	 0	  0.1314	 2
-12000	 12000	 1050	 800	 1	 0	 0	  0.1001	 1
-12000	 6000	 1050	 1300	 1	 0	 0	  0.0166	 2
6000	 -12000	 1050	 550	 0	 1	 0	  0.1580	 1
12000	 -6000	 1050	 1300	 0	 1	 1	  0.2491	 1
-6000	 6000	 1050	 1050	 0	 1	 1	  0.0963	 1
6000	 -12000	 1050	 300	 0	 0	 0	  0.3267	 1
-6000	 6000	 1050	 300	 1	 0	 0	  0.2136	 1
6000	 -12000	 1050	 800	 0	 1	 0	  0.1207	 2
6000	 -6000	 1050	 1300	 0	 0	 1	  0.2085	 1
6000	 -6000	 1050	 1800	 0	 0	 0	  0.1355	 2
-6000	 12000	 1050	 1300	 0	 1	 1	  0.1719	 1
6000	 -6000	 1050	 550	 0	 0	 0	  0.1621	 1
-12000	 12000	 1050	 1050	 1	 0	 1	  0.2872	 2
-6000	 6000	 1050	 1800	 1	 0	 1	  0.1141	 2
-6000	 6000	 1050	 1050	 1	 0	 1	  0.0804	 2
-12000	 12000	 1050	 800	 1	 0	 1	  0.1820	 2
-12000	 12000	 1050	 800	 0	 0	 1	  0.0725	 2
6000	 -12000	 1050	 300	 1	 0	 1	  0.4853	 2
6000	 -12000	 1050	 1050	 0	 1	 0	  0.0897	 1
-12000	 6000	 1050	 1300	 0	 1	 1	  0.2002	 1
6000	 -12000	 1050	 300	 0	 0	 0	  0.3937	 1
-12000	 6000	 1050	 1050	 0	 0	 1	  0.0632	 1
12000	 -6000	 1050	 550	 0	 1	 1	  0.2218	 2
12000	 -6000	 1050	 1550	 0	 0	 0	  0.0763	 2
12000	 -6000	 1050	 800	 0	 0	 0	  0.0802	 2
12000	 -6000	 1050	 550	 1	 0	 1	  0.2238	 2
6000	 -6000	 1050	 800	 0	 0	 0	  0.1051	 2
6000	 -6000	 1050	 550	 1	 0	 1	  0.0602	 2
-12000	 12000	 1050	 800	 0	 1	 0	  0.3263	 1
6000	 -6000	 1050	 1050	 0	 1	 0	  0.1482	 2
-6000	 6000	 1050	 1300	 1	 0	 0	  0.1573	 1
-12000	 12000	 1050	 550	 0	 0	 1	  0.3986	 2
6000	 -12000	 1050	 800	 0	 0	 0	  0.7742	 1
-12000	 6000	 1050	 300	 0	 0	 1	  0.0949	 2
12000	 -12000	 1050	 1300	 0	 0	 1	  0.0546	 1
-12000	 12000	 1050	 1300	 0	 1	 0	  0.3364	 2
6000	 -6000	 1050	 800	 0	 1	 1	  0.8562	 1
6000	 -6000	 1050	 1800	 1	 0	 0	  0.1400	 2
6000	 -12000	 1050	 550	 0	 0	 0	  0.2050	 1
12000	 -6000	 1050	 1800	 1	 0	 1	  0.1121	 1
12000	 -12000	 1050	 550	 0	 0	 1	  0.2392	 2
-6000	 12000	 1050	 1300	 0	 1	 0	  0.4639	 2
6000	 -6000	 1050	 1300	 1	 0	 1	  0.2112	 1
-12000	 12000	 1050	 800	 1	 0	 1	  0.1046	 2
-6000	 12000	 1050	 1050	 0	 0	 0	  0.1764	 1
-12000	 6000	 1050	 1050	 1	 0	 1	  0.1214	 1
12000	 -12000	 1050	 1050	 0	 0	 0	  0.1922	 1
6000	 -12000	 1050	 1050	 1	 0	 1	  0.1759	 2
-6000	 6000	 1050	 1550	 0	 1	 0	  0.1937	 2
-6000	 12000	 1050	 1800	 0	 1	 1	  0.2332	 1
-6000	 12000	 1050	 1050	 0	 1	 0	  0.1364	 1
12000	 -6000	 1050	 1050	 1	 0	 1	  0.1529	 1
12000	 -12000	 1050	 1800	 0	 1	 1	  0.2061	 1
-6000	 12000	 1050	 1300	 0	 0	 1	  0.2933	 1
-12000	 12000	 1050	 800	 0	 1	 0	  0.1955	 1
12000	 -12000	 1050	 550	 0	 1	 0	  0.2551	 1
-6000	 12000	 1050	 1550	 0	 1	 0	  0.0954	 2
-12000	 12000	 1050	 300	 0	 1	 1	  0.1408	 2
-12000	 6000	 1050	 1550	 0	 0	 1	  0.3551	 1
-6000	 6000	 1050	 300	 1	 0	 1	  0.1036	 2
6000	 -12000	 1050	 1050	 1	 0	 1	  0.1649	 2
12000	 -6000	 1050	 1300	 0	 0	 1	  0.0507	 1
-12000	 6000	 1050	 550	 0	 1	 0	  0.2060	 1
12000	 -6000	 1050	 300	 0	 1	 0	  0.2069	 1
12000	 -12000	 1050	 1800	 0	 0	 1	  0.1665	 1
12000	 -6000	 1050	 550	 0	 0	 0	  0.3171	 1
12000	 -12000	 1050	 300	 1	 0	 1	  0.1092	 2
-12000	 6000	 1050	 1800	 0	 1	 1	  0.0966	 1
12000	 -6000	 1050	 800	 1	 0	 0	  0.1679	 1
-6000	 12000	 1050	 1800	 1	 0	 1	  0.2528	 1
-6000	 12000	 1050	 550	 0	 0	 1	  0.0682	 2
-6000	 12000	 1050	 1050	 1	 0	 1	  0.1379	 2
-6000	 6000	 1050	 1050	 0	 1	 1	  0.0319	 1
12000	 -6000	 1050	 1300	 0	 0	 0	  0.0072	 2
-6000	 12000	 1050	 1300	 0	 1	 0	  0.0076	 2
6000	 -12000	 1050	 550	 1	 0	 0	  0.2063	 1
-12000	 6000	 1050	 550	 0	 0	 0	  0.3004	 1
-12000	 12000	 1050	 1300	 1	 0	 1	  0.3445	 1
12000	 -6000	 1050	 1300	 1	 0	 1	  0.2004	 1
-6000	 6000	 1050	 550	 0	 0	 1	  0.3025	 2
12000	 -6000	 1050	 1550	 0	 1	 1	  0.2125	 1
-6000	 6000	 1050	 1050	 0	 0	 1	  0.2899	 2
-6000	 12000	 1050	 1550	 1	 0	 0	  0.2440	 2
6000	 -12000	 1050	 1050	 0	 1	 1	  0.0977	 1
-12000	 6000	 1050	 550	 0	 0	 1	  0.3935	 2
6000	 -12000	 1050	 1800	 1	 0	 1	  0.3144	 1
-6000	 6000	 1050	 1300	 1	 0	 1	  0.2356	 1
6000	 -6000	 1050	 300	 0	 0	 1	  0.0856	 2
12000	 -6000	 1050	 1050	 0	 1	 0	  0.0829	 2
12000	 -6000	 1050	 1300	 0	 1	 0	  0.1761	 2
-6000	 6000	 1050	 1300	 0	 1	 0	  0.1212	 1
-12000	 6000	 1050	 1300	 0	 1	 0	  0.0593	 2
-12000	 6000	 1050	 300	 0	 0	 0	  0.1350	 1
-6000	 12000	 1050	 1800	 0	 0	 0	  0.2289	 2
-6000	 12000	 1050	 550	 0	 1	 1	  0.3316	 2
6000	 -6000	 1050	 800	 0	 0	 0	  0.2497	 1
6000	 -6000	 1050	 1550	 0	 0	 1	  0.2222	 1
12000	 -12000	 1050	 1550	 0	 1	 1	  0.2762	 1
12000	 -12000	 1050	 1050	 0	 0	 1	  0.1634	 2
-6000	 12000	 1050	 1050	 0	 0	 1	  0.2544	 1
-12000	 6000	 1050	 1550	 0	 0	 0	  0.1208	 2
6000	 -6000	 1050	 550	 1	 0	 0	  0.1927	 1
6000	 -6000	 1050	 300	 1	 0	 0	  0.1021	 1
-12000	 6000	 1050	 1050	 0	 1	 1	  0.0949	 1
12000	 -6000	 1050	 300	 0	 0	 0	  0.2305	 1
-6000	 12000	 1050	 550	 0	 1	 0	  0.1575	 1
12000	 -6000	 1050	 1050	 0	 1	 0	  0.2471	 2
6000	 -6000	 1050	 300	 1	 0	 1	  0.0342	 2
12000	 -12000	 1050	 1800	 1	 0	 0	  0.1038	 2
-6000	 6000	 1050	 1050	 0	 0	 0	  0.0527	 1
12000	 -6000	 1050	 1300	 0	 0	 1	  0.0398	 1
-12000	 12000	 1050	 1300	 0	 1	 0	  0.1329	 2
-6000	 12000	 1050	 1050	 0	 1	 1	  0.0678	 1
12000	 -6000	 1050	 550	 1	 0	 1	  0.0926	 2
6000	 -12000	 1050	 1550	 1	 0	 0	  0.1014	 1
-6000	 12000	 1050	 800	 0	 1	 1	  0.1644	 1
-6000	 6000	 1050	 1550	 0	 1	 1	  0.3618	 1
-12000	 12000	 1050	 300	 0	 1	 0	  0.2084	 1
-6000	 12000	 1050	 1550	 0	 1	 0	  0.0801	 2
-6000	 6000	 1050	 800	 0	 1	 1	  0.2206	 1
12000	 -6000	 1050	 800	 0	 1	 0	  0.0640	 2
12000	 -12000	 1050	 800	 1	 0	 1	  0.0566	 2
6000	 -12000	 1050	 550	 0	 1	 0	  0.4005	 1
-6000	 6000	 1050	 550	 0	 0	 0	  0.2099	 1
-12000	 12000	 1050	 1300	 1	 0	 1	  0.1153	 1
-6000	 12000	 1050	 1050	 0	 0	 0	  0.1136	 2
12000	 -12000	 1050	 800	 0	 0	 1	  0.2917	 2
6000	 -12000	 1050	 550	 0	 1	 1	  0.1351	 1
6000	 -12000	 1050	 300	 0	 0	 1	  0.0439	 2
-12000	 6000	 1050	 300	 0	 0	 1	  0.1306	 2
-12000	 12000	 1050	 1550	 1	 0	 0	  0.0877	 2
-6000	 12000	 1050	 300	 0	 1	 0	  0.2665	 1
6000	 -6000	 1050	 1550	 0	 1	 0	  0.0759	 2
-6000	 12000	 1050	 1550	 1	 0	 1	  0.1490	 1
6000	 -6000	 1050	 300	 0	 0	 0	  0.0559	 1
6000	 -12000	 1050	 1050	 0	 0	 0	  0.1971	 1
-12000	 6000	 1050	 1800	 0	 1	 1	  0.5283	 1
-6000	 12000	 1050	 1050	 1	 0	 0	  0.1935	 1
6000	 -6000	 1050	 800	 1	 0	 1	  0.5121	 2
6000	 -6000	 1050	 1050	 0	 0	 0	  0.2592	 1
-6000	 12000	 1050	 300	 0	 1	 0	  0.2071	 1
6000	 -12000	 1050	 1800	 0	 0	 1	  0.0589	 1
-12000	 12000	 1050	 800	 0	 0	 1	  0.1153	 2
-6000	 12000	 1050	 300	 1	 0	 0	  0.2394	 1
6000	 -6000	 1050	 550	 0	 1	 0	  0.1059	 1
6000	 -6000	 1050	 800	 1	 0	 0	  0.0856	 1
12000	 -6000	 1050	 300	 1	 0	 0	  0.0295	 1
12000	 -12000	 1050	 300	 0	 0	 0	  0.2294	 1
12000	 -12000	 1050	 1550	 0	 1	 1	  0.2037	 1
6000	 -6000	 1050	 1550	 1	 0	 1	  0.1416	 1
6000	 -6000	 1050	 1300	 0	 0	 0	  0.0418	 2
-12000	 12000	 1050	 1550	 0	 1	 1	  0.1037	 1
6000	 -12000	 1050	 550	 1	 0	 1	  0.1028	 2
-6000	 6000	 1050	 1300	 0	 0	 1	  0.2379	 1
12000	 -12000	 1050	 1050	 0	 0	 1	  0.2137	 2
12000	 -6000	 1050	 300	 1	 0	 0	  0.2149	 1
12000	 -6000	 1050	 800	 0	 1	 1	  0.4213	 1
-6000	 6000	 1050	 550	 0	 0	 1	  0.1742	 2
6000	 -6000	 1050	 550	 0	 1	 1	  0.1978	 1
-12000	 6000	 1050	 1300	 0	 0	 1	  0.2749	 1
12000	 -6000	 1050	 1050	 0	 1	 1	  0.1259	 1
6000	 -6000	 1050	 550	 1	 0	 0	  0.1805	 1
-12000	 12000	 1050	 1800	 1	 0	 1	  0.1205	 1
6000	 -12000	 1050	 1550	 0	 1	 0	  0.0805	 2
-12000	 12000	 1050	 300	 0	 1	 0	  0.1470	 1
6000	 -12000	 1050	 1800	 0	 1	 1	  0.1249	 1
-12000	 12000	 1050	 1550	 0	 1	 1	  0.1159	 1
-6000	 6000	 1050	 300	 0	 0	 1	  0.0643	 2
6000	 -6000	 1050	 800	 1	 0	 1	  0.0076	 2
12000	 -6000	 1050	 1050	 0	 0	 1	  0.1090	 2
-12000	 12000	 1050	 1050	 0	 0	 0	  0.1987	 2
-6000	 6000	 1050	 1550	 1	 0	 0	  0.1896	 2
12000	 -12000	 1050	 1050	 1	 0	 0	  0.0419	 1
6000	 -12000	 1050	 1550	 0	 0	 0	  0.0431	 2
-12000	 12000	 1050	 1300	 0	 0	 0	  0.2244	 2
12000	 -6000	 1050	 800	 0	 0	 0	  0.1958	 1
-12000	 12000	 1050	 1550	 0	 1	 0	  0.0525	 2
12000	 -12000	 1050	 1800	 0	 0	 0	  0.0543	 2
-6000	 12000	 1050	 1050	 0	 0	 1	  0.1389	 1
-12000	 12000	 1050	 300	 1	 0	 1	  0.1025	 2
12000	 -6000	 1050	 550	 0	 1	 1	  0.1251	 2
12000	 -12000	 1050	 1050	 0	 1	 1	  0.0996	 1
12000	 -12000	 1050	 1300	 0	 0	 1	  0.1429	 1
12000	 -6000	 1050	 1800	 0	 1	 0	  0.1968	 2
-12000	 12000	 1050	 1550	 0	 0	 1	  0.0940	 1
-6000	 6000	 1050	 1550	 0	 1	 0	  0.0566	 2
-12000	 12000	 1050	 1800	 1	 0	 1	  0.7918	 1
-12000	 6000	 1050	 1050	 1	 0	 0	  0.4334	 1
12000	 -6000	 1050	 1550	 0	 0	 0	  0.0657	 2
-12000	 6000	 1050	 1800	 0	 0	 1	  0.1385	 1
-6000	 6000	 1050	 800	 1	 0	 1	  0.0272	 2
6000	 -12000	 1050	 300	 0	 0	 1	  0.1891	 2
-6000	 12000	 1050	 1550	 1	 0	 0	  0.2415	 1
12000	 -12000	 1050	 800	 0	 1	 0	  0.6127	 1
6000	 -12000	 1050	 1550	 0	 1	 1	  0.2240	 1
-12000	 12000	 1050	 300	 0	 0	 1	  0.0505	 2
6000	 -6000	 1050	 1300	 1	 0	 0	  0.0716	 2
12000	 -12000	 1050	 1050	 0	 1	 1	  0.0347	 1
12000	 -6000	 1050	 550	 0	 1	 0	  0.1344	 1
12000	 -12000	 1050	 550	 0	 0	 0	  0.2170	 1
6000	 -12000	 1050	 1050	 0	 1	 1	  0.3472	 1
-12000	 6000	 1050	 1550	 0	 1	 1	  0.1919	 1
12000	 -12000	 1050	 1300	 0	 1	 1	  0.0926	 1
-6000	 6000	 1050	 1800	 1	 0	 0	  0.0433	 2
-12000	 12000	 1050	 1050	 1	 0	 0	  0.2319	 2
-6000	 12000	 1050	 1800	 0	 1	 1	  0.1751	 1
6000	 -12000	 1050	 1550	 1	 0	 1	  0.0609	 1
-12000	 6000	 1050	 300	 0	 1	 0	  0.1992	 1
-12000	 6000	 1050	 800	 1	 0	 1	  0.0147	 2
-12000	 12000	 1050	 800	 0	 1	 1	  0.1501	 1
-6000	 6000	 1050	 1800	 0	 1	 0	  0.1591	 2
-12000	 6000	 1050	 1050	 0	 0	 1	  0.1999	 1
12000	 -6000	 1050	 1300	 0	 0	 0	  0.1872	 1
12000	 -12000	 1050	 550	 1	 0	 0	  0.1518	 1
12000	 -12000	 1050	 1800	 0	 0	 1	  0.1942	 1
-6000	 12000	 1050	 300	 1	 0	 1	  0.6907	 2
6000	 -6000	 1050	 1550	 1	 0	 0	  0.0886	 2
-12000	 12000	 1050	 1300	 0	 0	 1	  0.0968	 1
6000	 -12000	 1050	 550	 0	 1	 1	  0.1665	 2
12000	 -6000	 1050	 1300	 0	 1	 1	  0.1131	 1
-6000	 6000	 1050	 1300	 0	 1	 1	  0.1149	 1
6000	 -12000	 1050	 1050	 0	 0	 1	  0.1149	 1
-12000	 6000	 1050	 300	 0	 1	 0	  0.0942	 1
-6000	 12000	 1050	 800	 0	 1	 1	  0.0596	 2
-6000	 12000	 1050	 1800	 0	 1	 0	  0.1921	 2
-6000	 6000	 1050	 1550	 0	 0	 0	  0.1120	 2
-12000	 6000	 1050	 300	 0	 1	 1	  0.0817	 2
-6000	 6000	 1050	 1800	 0	 1	 1	  0.1147	 1
6000	 -6000	 1050	 300	 1	 0	 1	  0.0758	 2
12000	 -12000	 1050	 1550	 0	 1	 0	  0.1099	 2
12000	 -12000	 1050	 550	 1	 0	 1	  0.0804	 2
-12000	 12000	 1050	 550	 1	 0	 1	  0.1524	 2
-12000	 12000	 1050	 1050	 1	 0	 0	  0.2738	 1
6000	 -6000	 1050	 300	 0	 1	 0	  0.0722	 1
-6000	 6000	 1050	 1800	 0	 1	 1	  0.1087	 1
6000	 -6000	 1050	 1300	 0	 1	 0	  0.1315	 2
12000	 -12000	 1050	 800	 0	 1	 1	  0.0675	 1
6000	 -12000	 1050	 1300	 0	 0	 1	  0.4281	 2
6000	 -12000	 1050	 1800	 1	 0	 0	  0.1430	 2
-6000	 6000	 1050	 1550	 1	 0	 1	  0.0538	 2
-12000	 6000	 1050	 550	 0	 0	 0	  0.3678	 1
6000	 -6000	 1050	 1800	 1	 0	 1	  0.4201	 2
6000	 -12000	 1050	 1300	 0	 0	 0	  0.0908	 2
12000	 -6000	 1050	 1800	 0	 0	 1	  0.0770	 1
6000	 -12000	 1050	 300	 0	 1	 0	  0.1951	 1
6000	 -6000	 1050	 1050	 1	 0	 1	  0.1185	 2
-6000	 6000	 1050	 1800	 1	 0	 0	  0.2341	 2
12000	 -12000	 1050	 300	 0	 0	 1	  0.2111	 2
-6000	 12000	 1050	 300	 0	 0	 0	  0.1917	 1
-12000	 12000	 1050	 1550	 0	 1	 0	  0.6812	 2
-6000	 6000	 1050	 800	 0	 0	 0	  0.3080	 1
-6000	 6000	 1050	 800	 0	 1	 0	  0.1554	 2
-12000	 6000	 1050	 800	 0	 1	 0	  0.0717	 2
-12000	 12000	 1050	 1550	 1	 0	 1	  0.0369	 1
6000	 -12000	 1050	 1300	 1	 0	 0	  0.0499	 2
12000	 -12000	 1050	 550	 1	 0	 0	  0.2916	 1
-12000	 6000	 1050	 800	 1	 0	 1	  0.0185	 2
6000	 -6000	 1050	 1550	 0	 0	 1	  0.3409	 1
12000	 -6000	 1050	 300	 0	 0	 0	  0.2450	 1
-12000	 6000	 1050	 1050	 0	 1	 0	  0.2849	 1
-12000	 6000	 1050	 1800	 0	 1	 0	  0.0609	 2
-6000	 6000	 1050	 300	 0	 1	 0	  0.1759	 1
12000	 -6000	 1050	 800	 0	 1	 0	  0.2140	 2
6000	 -6000	 1050	 1050	 1	 0	 0	  0.1284	 2
6000	 -12000	 1050	 550	 1	 0	 1	  0.1438	 2
-6000	 6000	 1050	 1800	 0	 0	 0	  0.1077	 2
6000	 -6000	 1050	 550	 0	 0	 1	  0.0498	 2
-6000	 12000	 1050	 1800	 0	 0	 0	  0.1089	 2
-6000	 6000	 1050	 300	 1	 0	 0	  0.0947	 1
-6000	 12000	 1050	 1300	 1	 0	 1	  0.1575	 1
12000	 -6000	 1050	 550	 0	 1	 0	  0.1166	 1
-12000	 6000	 1050	 1800	 0	 0	 0	  0.0200	 2
6000	 -12000	 1050	 550	 0	 0	 1	  0.0157	 2
-12000	 6000	 1050	 1800	 0	 0	 0	  0.1350	 2
12000	 -6000	 1050	 1550	 1	 0	 0	  0.1906	 1
12000	 -6000	 1050	 1800	 1	 0	 0	  0.0987	 2
12000	 -6000	 1050	 1300	 1	 0	 1	  0.1205	 1
-12000	 12000	 1050	 1550	 1	 0	 0	  0.1996	 2
-6000	 6000	 1050	 550	 0	 1	 0	  0.1380	 1
-6000	 6000	 1050	 1800	 1	 0	 1	  0.3208	 1
-6000	 6000	 1050	 550	 1	 0	 0	  0.2978	 1
12000	 -6000	 1050	 1550	 1	 0	 1	  0.1482	 2
6000	 -6000	 1050	 1050	 0	 0	 1	  0.2728	 1
-12000	 12000	 1050	 1300	 0	 1	 1	  0.4706	 1
6000	 -6000	 1050	 1050	 0	 1	 0	  0.0352	 2
-12000	 6000	 1050	 800	 0	 1	 1	  0.1702	 2
-12000	 6000	 1050	 1550	 0	 1	 0	  0.1537	 2
-6000	 6000	 1050	 800	 0	 0	 1	  0.1144	 1
-12000	 12000	 1050	 300	 1	 0	 0	  0.3189	 1
-12000	 12000	 1050	 1550	 1	 0	 1	  0.0979	 2
-6000	 12000	 1050	 800	 0	 0	 1	  0.1983	 2
12000	 -12000	 1050	 1300	 0	 0	 0	  0.2567	 1
12000	 -6000	 1050	 550	 1	 0	 0	  0.0077	 1
12000	 -12000	 1050	 800	 0	 1	 1	  0.2026	 1
-6000	 6000	 1050	 300	 0	 1	 1	  0.1622	 2
12000	 -12000	 1050	 300	 0	 0	 0	  0.2236	 1
12000	 -6000	 1050	 300	 0	 0	 1	  0.0962	 2
-6000	 12000	 1050	 550	 1	 0	 0	  0.2310	 1
12000	 -6000	 1050	 1800	 0	 0	 0	  0.0672	 2
12000	 -12000	 1050	 550	 0	 1	 0	  0.0139	 1
-6000	 12000	 1050	 800	 0	 0	 0	  0.2073	 1
6000	 -6000	 1050	 1550	 0	 0	 0	  0.1417	 2
-12000	 6000	 1050	 800	 0	 0	 0	  0.8472	 1
-12000	 12000	 1050	 300	 0	 0	 1	  0.0590	 1
-6000	 6000	 1050	 300	 1	 0	 1	  0.4721	 2
12000	 -12000	 1050	 1050	 0	 1	 0	  0.1570	 2
12000	 -12000	 1050	 1050	 0	 0	 0	  0.1383	 2
12000	 -6000	 1050	 550	 0	 0	 0	  0.1745	 1
12000	 -12000	 1050	 1050	 1	 0	 0	  0.0460	 1
-6000	 6000	 1050	 1050	 1	 0	 0	  0.2169	 1
-6000	 6000	 1050	 800	 0	 1	 1	  0.3510	 2
-12000	 12000	 1050	 550	 1	 0	 0	  0.1444	 1
6000	 -12000	 1050	 1550	 0	 1	 0	  0.0471	 2
6000	 -6000	 1050	 1050	 0	 0	 1	  0.1069	 2
-6000	 12000	 1050	 1050	 0	 1	 1	  0.1351	 1
-12000	 12000	 1050	 1050	 0	 0	 1	  0.0806	 1
-6000	 6000	 1050	 1550	 1	 0	 1	  0.1080	 2
6000	 -12000	 1050	 1800	 0	 0	 0	  0.2111	 2
-6000	 12000	 1050	 1800	 0	 0	 1	  0.8020	 1
12000	 -6000	 1050	 550	 1	 0	 0	  0.0572	 1
-6000	 12000	 1050	 550	 1	 0	 0	  0.1367	 1
-6000	 12000	 1050	 800	 0	 1	 0	  0.1533	 2
6000	 -6000	 1050	 800	 0	 1	 0	  0.1233	 1
12000	 -12000	 1050	 300	 0	 0	 1	  0.2119	 2
6000	 -12000	 1050	 800	 0	 1	 1	  0.1284	 2
-12000	 6000	 1050	 300	 1	 0	 1	  0.1015	 2
12000	 -6000	 1050	 800	 0	 0	 1	  0.2630	 2
12000	 -6000	 1050	 1050	 0	 0	 1	  0.1200	 1
-6000	 6000	 1050	 800	 0	 0	 1	  0.1448	 2
-6000	 6000	 1050	 1300	 0	 0	 1	  0.0666	 1
6000	 -12000	 1050	 1800	 0	 1	 0	  0.1315	 2
-12000	 12000	 1050	 300	 1	 0	 0	  0.2080	 1
-12000	 6000	 1050	 1300	 0	 0	 0	  0.0871	 2
12000	 -12000	 1050	 300	 1	 0	 0	  0.1919	 1
12000	 -12000	 1050	 1800	 0	 1	 0	  0.0362	 2
6000	 -12000	 1050	 1300	 1	 0	 0	  0.0479	 2
-6000	 12000	 1050	 550	 0	 1	 1	  0.1473	 2
6000	 -12000	 1050	 800	 1	 0	 1	  0.0555	 2
-6000	 12000	 1050	 550	 0	 0	 0	  0.5219	 1
12000	 -6000	 1050	 1550	 1	 0	 1	  0.1888	 1
6000	 -12000	 1050	 1300	 1	 0	 1	  0.1676	 1
6000	 -6000	 1050	 1550	 1	 0	 0	  0.1015	 2
-6000	 12000	 1050	 1300	 1	 0	 1	  0.6045	 1
6000	 -6000	 1050	 300	 0	 0	 0	  0.1041	 1
12000	 -12000	 1050	 1300	 1	 0	 1	  0.0805	 1
-12000	 6000	 1050	 800	 0	 0	 1	  0.0698	 2
-6000	 6000	 1050	 1300	 0	 0	 0	  0.2387	 2
-6000	 12000	 1050	 1800	 1	 0	 0	  0.0810	 2
-12000	 12000	 1050	 800	 0	 0	 0	  0.2411	 1
6000	 -6000	 1050	 1800	 0	 0	 1	  0.4915	 1
12000	 -12000	 1050	 1300	 0	 1	 0	  0.0986	 2
6000	 -12000	 1050	 1550	 0	 1	 1	  0.1052	 1
-12000	 6000	 1050	 550	 1	 0	 1	  0.1257	 2
-12000	 12000	 1050	 1800	 0	 0	 0	  0.0776	 2
-6000	 12000	 1050	 800	 1	 0	 1	  0.3785	 2
6000	 -12000	 1050	 800	 1	 0	 0	  0.2191	 1
6000	 -12000	 1050	 1300	 0	 1	 1	  0.1013	 1
12000	 -12000	 1050	 300	 0	 1	 0	  0.2125	 1
12000	 -12000	 1050	 1050	 1	 0	 1	  0.1466	 2
6000	 -6000	 1050	 1050	 0	 0	 0	  0.1995	 2
12000	 -12000	 1050	 800	 0	 1	 0	  0.0929	 1
12000	 -12000	 1050	 550	 1	 0	 1	  0.0990	 2
-12000	 6000	 1050	 1050	 0	 1	 0	  0.1855	 2
12000	 -6000	 1050	 1800	 0	 0	 0	  0.0808	 2
6000	 -12000	 1050	 1300	 0	 0	 1	  0.1589	 1
6000	 -12000	 1050	 800	 0	 1	 0	  0.1334	 1
-6000	 6000	 1050	 1300	 1	 0	 1	  0.1745	 1
12000	 -12000	 1050	 300	 1	 0	 1	  0.0755	 2
-12000	 6000	 1050	 800	 0	 0	 1	  0.1427	 2
-6000	 12000	 1050	 300	 0	 0	 1	  0.1052	 2
-12000	 12000	 1050	 1300	 0	 0	 0	  0.6794	 1
-6000	 12000	 1050	 800	 0	 1	 0	  0.0381	 1
6000	 -6000	 1050	 1550	 0	 1	 1	  0.1695	 1
6000	 -6000	 1050	 1800	 0	 1	 1	  0.1650	 1
12000	 -6000	 1050	 1050	 1	 0	 0	  0.5399	 1
-12000	 6000	 1050	 1800	 1	 0	 0	  0.1797	 2
12000	 -12000	 1050	 1550	 0	 0	 1	  0.0065	 1
6000	 -12000	 1050	 300	 1	 0	 0	  0.1218	 1
-12000	 6000	 1050	 1550	 1	 0	 0	  0.1278	 2
6000	 -12000	 1050	 1300	 1	 0	 1	  0.0872	 1
12000	 -6000	 1050	 1050	 1	 0	 1	  0.0515	 2
12000	 -6000	 1050	 1300	 1	 0	 0	  0.1285	 1
-12000	 6000	 1050	 550	 0	 1	 1	  0.0736	 2
-12000	 6000	 1050	 800	 1	 0	 0	  0.1284	 1
6000	 -6000	 1050	 300	 0	 1	 0	  0.0948	 1
-6000	 12000	 1050	 1300	 1	 0	 0	  0.1427	 2
12000	 -12000	 1050	 1800	 1	 0	 1	  0.1673	 2
-12000	 6000	 1050	 300	 1	 0	 0	  0.0821	 1
-12000	 12000	 1050	 1050	 0	 1	 0	  0.0597	 1
-6000	 12000	 1050	 1300	 0	 0	 0	  0.0315	 2
6000	 -12000	 1050	 800	 1	 0	 1	  0.0241	 2
-12000	 12000	 1050	 1800	 0	 0	 1	  0.1478	 1
-6000	 6000	 1050	 1050	 0	 0	 1	  0.2635	 1
