12000	 -12000	 1050	 800	 0	 1	 0	  2.0436	 2
-6000	 6000	 1050	 800	 0	 0	 1	  1.1149	 2
-12000	 6000	 1050	 300	 0	 0	 1	  1.3443	 1
-12000	 6000	 1050	 800	 1	 0	 0	  1.1044	 1
-12000	 6000	 1050	 800	 0	 1	 0	  2.2407	 2
6000	 -6000	 1050	 1050	 0	 1	 0	  2.6717	 1
12000	 -6000	 1050	 1050	 0	 1	 1	  1.5187	 1
6000	 -6000	 1050	 800	 0	 0	 1	  0.4581	 2
-6000	 12000	 1050	 550	 0	 0	 0	  0.7154	 1
12000	 -12000	 1050	 1800	 0	 0	 1	  0.2074	 1
6000	 -12000	 1050	 1800	 1	 0	 1	  4.7195	 1
-6000	 12000	 1050	 1300	 0	 0	 0	  1.5481	 2
6000	 -12000	 1050	 800	 0	 0	 1	  0.3625	 2
-6000	 6000	 1050	 800	 0	 1	 0	  1.1099	 2
-12000	 6000	 1050	 1300	 0	 0	 0	  1.5968	 2
12000	 -12000	 1050	 300	 0	 0	 0	  0.8114	 1
12000	 -12000	 1050	 1800	 0	 1	 1	  0.5061	 1
12000	 -6000	 1050	 1300	 0	 0	 0	  0.4751	 2
-6000	 12000	 1050	 1550	 0	 1	 0	  0.8704	 2
12000	 -12000	 1050	 550	 0	 1	 0	  0.0829	 1
-6000	 6000	 1050	 1800	 0	 0	 1	  0.5180	 1
-12000	 12000	 1050	 1800	 0	 1	 1	  1.0609	 1
-12000	 6000	 1050	 800	 0	 0	 0	  0.3907	 1
6000	 -6000	 1050	 550	 1	 0	 0	  0.0094	 1
-12000	 12000	 1050	 300	 0	 0	 1	  0.3979	 2
6000	 -12000	 1050	 1800	 0	 1	 0	  0.4554	 2
6000	 -6000	 1050	 800	 0	 0	 0	  0.2343	 1
-12000	 6000	 1050	 550	 0	 0	 1	  0.0095	 2
-6000	 6000	 1050	 1050	 0	 1	 1	  0.1525	 1
-12000	 12000	 1050	 1300	 0	 0	 0	  0.3012	 2
-12000	 6000	 1050	 300	 1	 0	 0	  0.4892	 1
-12000	 12000	 1050	 1050	 0	 1	 0	  0.2287	 2
-12000	 6000	 1050	 1300	 0	 1	 1	  2.3162	 1
12000	 -12000	 1050	 1800	 1	 0	 0	  0.1924	 2
-6000	 12000	 1050	 300	 0	 1	 0	  0.2253	 1
6000	 -12000	 1050	 800	 0	 0	 0	  1.4341	 2
12000	 -6000	 1050	 1050	 1	 0	 1	  0.0323	 2
-6000	 12000	 1050	 1550	 0	 0	 1	  0.4178	 1
-6000	 12000	 1050	 1550	 1	 0	 0	  0.0915	 2
-6000	 6000	 1050	 550	 0	 0	 0	  0.1723	 1
12000	 -12000	 1050	 550	 1	 0	 1	  2.2294	 1
-12000	 6000	 1050	 300	 0	 1	 0	  2.3936	 1
12000	 -6000	 1050	 300	 1	 0	 0	  0.3064	 1
-6000	 6000	 1050	 1550	 1	 0	 0	  0.7284	 2
6000	 -6000	 1050	 1050	 0	 1	 1	  0.2728	 2
-6000	 6000	 1050	 1300	 0	 1	 1	  0.1476	 1
6000	 -6000	 1050	 300	 1	 0	 0	  2.4521	 1
6000	 -12000	 1050	 1050	 0	 1	 0	  0.4122	 2
-12000	 12000	 1050	 1550	 0	 0	 1	  1.1281	 1
-6000	 12000	 1050	 550	 1	 0	 0	  1.4437	 2
6000	 -6000	 1050	 1300	 0	 1	 0	  1.5505	 2
-12000	 12000	 1050	 800	 1	 0	 1	  0.1832	 2
-6000	 6000	 1050	 1050	 1	 0	 1	  1.5130	 2
-6000	 6000	 1050	 1300	 0	 1	 0	  3.1507	 2
-6000	 6000	 1050	 1800	 0	 0	 0	  0.7475	 2
-6000	 6000	 1050	 1550	 0	 1	 1	  1.4141	 1
-12000	 12000	 1050	 1300	 0	 0	 1	  0.6917	 1
-6000	 12000	 1050	 1050	 1	 0	 1	  0.5397	 1
12000	 -12000	 1050	 550	 0	 1	 0	  1.5870	 1
-12000	 6000	 1050	 1550	 1	 0	 0	  0.5964	 2
6000	 -12000	 1050	 1050	 0	 1	 0	  1.7797	 2
6000	 -12000	 1050	 550	 0	 0	 1	  0.1549	 2
6000	 -6000	 1050	 1300	 0	 1	 0	  0.4899	 1
-12000	 12000	 1050	 1550	 0	 1	 1	  0.8811	 1
-12000	 12000	 1050	 550	 0	 1	 1	  1.6146	 2
-12000	 6000	 1050	 1300	 0	 1	 0	  4.0201	 2
-12000	 6000	 1050	 1800	 1	 0	 1	  0.8840	 2
-12000	 6000	 1050	 800	 0	 1	 1	  0.5128	 1
-6000	 12000	 1050	 550	 1	 0	 0	  1.6023	 1
-12000	 12000	 1050	 800	 1	 0	 0	  3.0842	 2
-12000	 12000	 1050	 1050	 0	 1	 1	  2.1699	 2
-6000	 12000	 1050	 1550	 1	 0	 1	  0.7455	 1
12000	 -6000	 1050	 1300	 0	 0	 1	  0.7740	 1
-6000	 12000	 1050	 1800	 0	 1	 0	  0.2432	 2
-6000	 12000	 1050	 1800	 0	 0	 1	  0.4592	 1
6000	 -6000	 1050	 300	 0	 1	 0	  0.1260	 1
-6000	 6000	 1050	 800	 0	 0	 1	  0.6967	 2
6000	 -6000	 1050	 800	 0	 0	 0	  1.2318	 1
-12000	 6000	 1050	 1300	 0	 1	 1	  0.1999	 2
-6000	 12000	 1050	 1800	 1	 0	 1	  1.0453	 1
-12000	 6000	 1050	 1550	 0	 1	 1	  0.8853	 1
-6000	 6000	 1050	 550	 0	 1	 0	  0.6050	 1
6000	 -6000	 1050	 800	 0	 1	 1	  1.6196	 2
6000	 -12000	 1050	 550	 0	 1	 0	  3.7970	 1
12000	 -6000	 1050	 800	 0	 1	 0	  0.5377	 2
6000	 -6000	 1050	 1300	 1	 0	 1	  0.5972	 2
-12000	 12000	 1050	 1550	 1	 0	 1	  0.7012	 2
12000	 -12000	 1050	 1550	 0	 0	 1	  0.0663	 1
6000	 -12000	 1050	 1800	 0	 0	 0	  0.1527	 2
-12000	 12000	 1050	 1300	 0	 0	 1	  0.6267	 1
6000	 -6000	 1050	 800	 0	 1	 0	  0.6385	 2
-12000	 12000	 1050	 1300	 0	 1	 1	  0.0123	 1
12000	 -12000	 1050	 300	 0	 1	 0	  0.9284	 1
-12000	 6000	 1050	 800	 0	 1	 1	  0.1540	 2
6000	 -6000	 1050	 550	 0	 0	 1	  1.2189	 2
-12000	 6000	 1050	 1050	 0	 0	 0	  1.6349	 1
-6000	 6000	 1050	 800	 1	 0	 0	  2.1622	 2
6000	 -6000	 1050	 1050	 0	 1	 0	  5.7832	 1
-6000	 12000	 1050	 1300	 0	 1	 1	  1.1068	 1
12000	 -6000	 1050	 1050	 0	 0	 0	  0.6672	 1
-6000	 12000	 1050	 800	 0	 1	 0	  0.6763	 2
12000	 -6000	 1050	 1550	 0	 0	 0	  1.0343	 2
12000	 -12000	 1050	 800	 0	 0	 1	  1.4072	 2
6000	 -6000	 1050	 1550	 0	 1	 0	  1.8524	 2
-12000	 12000	 1050	 300	 0	 0	 0	  0.3357	 1
6000	 -12000	 1050	 1550	 1	 0	 1	  1.0666	 1
12000	 -12000	 1050	 550	 1	 0	 1	  3.6565	 2
-12000	 6000	 1050	 1300	 1	 0	 1	  1.9299	 1
12000	 -6000	 1050	 1800	 0	 1	 0	  1.8226	 2
12000	 -12000	 1050	 800	 0	 1	 1	  1.6702	 1
6000	 -6000	 1050	 1800	 1	 0	 0	  0.8022	 2
12000	 -6000	 1050	 550	 1	 0	 0	  5.0875	 1
6000	 -12000	 1050	 300	 0	 1	 1	  1.1012	 2
6000	 -12000	 1050	 1300	 0	 0	 1	  1.2827	 1
12000	 -12000	 1050	 550	 1	 0	 0	  0.1579	 1
-12000	 12000	 1050	 550	 0	 0	 0	  0.6448	 1
6000	 -6000	 1050	 1800	 0	 1	 0	  0.2683	 2
12000	 -12000	 1050	 1300	 1	 0	 0	  1.8157	 2
6000	 -12000	 1050	 1050	 0	 0	 1	  0.3395	 1
-6000	 12000	 1050	 1050	 0	 1	 0	  0.6825	 2
-6000	 6000	 1050	 300	 0	 0	 0	  2.6840	 1
-12000	 12000	 1050	 1300	 0	 1	 0	  0.0887	 2
-6000	 12000	 1050	 800	 0	 0	 1	  1.5014	 1
-12000	 6000	 1050	 550	 0	 0	 0	  0.2039	 1
-12000	 6000	 1050	 1550	 0	 1	 0	  0.5491	 2
-6000	 6000	 1050	 1050	 0	 1	 1	  0.1440	 1
-12000	 6000	 1050	 550	 0	 0	 0	  0.2889	 1
12000	 -6000	 1050	 550	 0	 1	 1	  0.0578	 2
-6000	 12000	 1050	 1300	 0	 1	 0	  0.5276	 2
-12000	 12000	 1050	 300	 0	 1	 1	  0.7820	 2
-12000	 12000	 1050	 550	 0	 0	 0	  2.0293	 1
-12000	 12000	 1050	 1800	 1	 0	 0	  1.3016	 2
6000	 -12000	 1050	 550	 0	 1	 0	  0.3868	 1
6000	 -6000	 1050	 1300	 0	 0	 0	  0.8452	 2
12000	 -12000	 1050	 1050	 0	 1	 0	  1.7991	 2
-12000	 12000	 1050	 1050	 0	 1	 1	  1.4377	 1
6000	 -6000	 1050	 800	 1	 0	 0	  1.6510	 1
12000	 -6000	 1050	 300	 0	 1	 0	  1.2763	 1
-12000	 6000	 1050	 1300	 1	 0	 0	  0.3617	 2
12000	 -12000	 1050	 1300	 1	 0	 1	  1.3326	 1
-6000	 6000	 1050	 1550	 1	 0	 1	  0.4551	 1
-6000	 6000	 1050	 800	 1	 0	 1	  0.2020	 1
6000	 -6000	 1050	 550	 0	 1	 1	  3.0844	 2
-6000	 12000	 1050	 1300	 0	 1	 0	  0.0898	 2
-6000	 6000	 1050	 1550	 0	 1	 1	  1.9079	 2
6000	 -12000	 1050	 800	 0	 1	 0	  2.6798	 2
6000	 -12000	 1050	 300	 0	 0	 1	  0.3054	 1
-6000	 6000	 1050	 1050	 1	 0	 0	  0.7631	 1
12000	 -6000	 1050	 1050	 0	 1	 0	  1.0859	 1
-12000	 12000	 1050	 1050	 0	 0	 1	  1.5786	 1
-6000	 12000	 1050	 1050	 0	 1	 0	  0.7801	 2
-6000	 6000	 1050	 1300	 0	 0	 0	  3.3752	 2
6000	 -12000	 1050	 550	 1	 0	 1	  3.0605	 2
-12000	 6000	 1050	 1050	 0	 0	 1	  0.0587	 2
-12000	 12000	 1050	 1800	 0	 1	 0	  0.7102	 2
12000	 -12000	 1050	 300	 1	 0	 1	  1.7911	 2
-12000	 6000	 1050	 550	 1	 0	 1	  1.1010	 2
12000	 -12000	 1050	 1300	 0	 0	 0	  1.1924	 2
12000	 -6000	 1050	 300	 0	 1	 0	  1.3641	 1
-6000	 12000	 1050	 1550	 0	 1	 1	  2.6050	 1
-6000	 12000	 1050	 550	 0	 0	 1	  0.2936	 2
-6000	 12000	 1050	 550	 1	 0	 1	  0.7620	 1
6000	 -6000	 1050	 1800	 0	 0	 1	  1.4863	 2
6000	 -6000	 1050	 1550	 0	 0	 0	  2.7751	 2
-6000	 6000	 1050	 1800	 1	 0	 0	  0.6092	 2
-6000	 6000	 1050	 1300	 1	 0	 0	  0.6602	 1
6000	 -12000	 1050	 800	 0	 1	 1	  1.5415	 1
-12000	 12000	 1050	 1300	 0	 1	 0	  0.9236	 2
12000	 -6000	 1050	 1300	 0	 1	 0	  0.4375	 1
12000	 -6000	 1050	 800	 0	 1	 1	  0.6027	 2
6000	 -12000	 1050	 1550	 0	 1	 1	  1.7313	 1
12000	 -12000	 1050	 1550	 1	 0	 0	  0.7362	 2
12000	 -6000	 1050	 1300	 0	 1	 0	  0.7944	 2
-6000	 6000	 1050	 800	 0	 0	 0	  1.3951	 1
6000	 -6000	 1050	 1550	 0	 0	 0	  2.5738	 2
12000	 -6000	 1050	 1050	 0	 1	 0	  0.6302	 1
-12000	 6000	 1050	 1300	 0	 0	 1	  0.8847	 1
6000	 -12000	 1050	 1300	 1	 0	 0	  0.0082	 2
12000	 -6000	 1050	 1050	 0	 0	 0	  0.1838	 1
-12000	 12000	 1050	 1050	 0	 1	 0	  0.9860	 2
6000	 -6000	 1050	 1800	 1	 0	 1	  0.1859	 1
12000	 -12000	 1050	 1050	 0	 0	 0	  0.2356	 1
12000	 -6000	 1050	 550	 0	 0	 0	  0.1394	 1
12000	 -6000	 1050	 550	 1	 0	 1	  3.6996	 2
6000	 -6000	 1050	 550	 1	 0	 1	  1.4937	 2
12000	 -6000	 1050	 1050	 1	 0	 0	  0.8843	 1
12000	 -6000	 1050	 300	 0	 0	 1	  1.0801	 2
-6000	 6000	 1050	 1800	 0	 1	 0	  0.8002	 2
-6000	 12000	 1050	 550	 0	 0	 1	  1.1557	 1
6000	 -6000	 1050	 300	 0	 0	 1	  0.0604	 2
12000	 -12000	 1050	 550	 0	 0	 0	  0.2763	 1
-6000	 6000	 1050	 1550	 0	 0	 1	  0.2985	 1
-6000	 12000	 1050	 300	 1	 0	 1	  0.0240	 2
12000	 -6000	 1050	 1800	 1	 0	 0	  0.4257	 2
-6000	 6000	 1050	 1550	 1	 0	 0	  0.6864	 1
-6000	 12000	 1050	 300	 0	 0	 0	  0.5116	 1
-6000	 12000	 1050	 1300	 1	 0	 0	  0.9140	 2
-6000	 12000	 1050	 1800	 1	 0	 0	  0.8681	 2
6000	 -12000	 1050	 1300	 1	 0	 0	  0.9257	 2
-6000	 6000	 1050	 550	 1	 0	 0	  1.1933	 1
6000	 -6000	 1050	 1300	 0	 0	 1	  2.1986	 2
-12000	 6000	 1050	 1800	 0	 0	 0	  0.2570	 2
6000	 -6000	 1050	 300	 1	 0	 0	  0.8714	 1
-12000	 6000	 1050	 1800	 1	 0	 0	  0.0078	 2
12000	 -12000	 1050	 550	 0	 0	 1	  0.1013	 2
-12000	 12000	 1050	 1550	 0	 0	 1	  0.0640	 1
-6000	 6000	 1050	 800	 0	 1	 1	  0.5194	 1
12000	 -12000	 1050	 300	 1	 0	 0	  0.1012	 1
6000	 -12000	 1050	 1050	 0	 0	 0	  1.8402	 2
12000	 -6000	 1050	 800	 0	 1	 0	  0.5964	 1
6000	 -6000	 1050	 800	 1	 0	 1	  0.6201	 2
12000	 -6000	 1050	 550	 0	 1	 0	  0.6022	 1
6000	 -6000	 1050	 550	 0	 0	 1	  2.6457	 1
-6000	 6000	 1050	 1550	 1	 0	 1	  0.0123	 1
6000	 -6000	 1050	 1300	 0	 1	 1	  1.5731	 1
6000	 -12000	 1050	 1050	 1	 0	 1	  1.1946	 2
-6000	 12000	 1050	 1050	 1	 0	 1	  0.3584	 1
-6000	 12000	 1050	 300	 0	 1	 1	  0.2869	 2
-12000	 6000	 1050	 800	 1	 0	 1	  0.0118	 2
-12000	 12000	 1050	 1800	 0	 1	 0	  0.2923	 2
12000	 -6000	 1050	 1550	 0	 1	 0	  1.8915	 1
-6000	 12000	 1050	 1050	 1	 0	 0	  1.3612	 2
-6000	 12000	 1050	 550	 0	 0	 0	  1.3729	 1
6000	 -12000	 1050	 1050	 1	 0	 0	  6.4235	 2
-6000	 12000	 1050	 800	 0	 1	 0	  0.7342	 1
-6000	 6000	 1050	 800	 1	 0	 0	  1.1539	 1
-12000	 12000	 1050	 300	 0	 1	 1	  0.2942	 2
-6000	 6000	 1050	 1300	 0	 0	 1	  1.1311	 1
-6000	 6000	 1050	 1300	 0	 1	 1	  0.9876	 1
12000	 -12000	 1050	 300	 1	 0	 0	  0.9333	 1
-12000	 12000	 1050	 1050	 1	 0	 1	  1.4833	 2
-6000	 12000	 1050	 1800	 1	 0	 0	  0.0876	 2
-12000	 6000	 1050	 1300	 0	 0	 0	  1.6153	 1
-12000	 12000	 1050	 550	 0	 1	 0	  1.0216	 1
6000	 -12000	 1050	 300	 0	 1	 0	  1.0446	 1
6000	 -6000	 1050	 1050	 0	 0	 0	  0.4059	 1
12000	 -6000	 1050	 1300	 1	 0	 0	  0.9780	 2
6000	 -12000	 1050	 1550	 0	 0	 0	  0.0197	 2
-12000	 12000	 1050	 800	 1	 0	 0	  0.7933	 1
-6000	 12000	 1050	 1300	 1	 0	 0	  0.6709	 2
12000	 -6000	 1050	 1800	 1	 0	 1	  0.7774	 2
12000	 -12000	 1050	 550	 0	 0	 0	  1.0662	 1
12000	 -12000	 1050	 300	 0	 0	 1	  0.2712	 2
-12000	 6000	 1050	 1800	 0	 1	 0	  0.8572	 2
-12000	 6000	 1050	 1300	 1	 0	 1	  0.0661	 2
6000	 -6000	 1050	 300	 0	 1	 0	  0.9919	 1
12000	 -12000	 1050	 1300	 0	 0	 1	  0.6283	 1
6000	 -12000	 1050	 300	 0	 0	 0	  0.3676	 1
-12000	 12000	 1050	 1050	 1	 0	 1	  0.8048	 2
-6000	 6000	 1050	 550	 1	 0	 1	  1.1251	 1
-12000	 12000	 1050	 1300	 1	 0	 1	  1.2409	 1
-12000	 12000	 1050	 1050	 0	 0	 0	  1.3939	 1
6000	 -12000	 1050	 1800	 0	 0	 1	  0.6787	 1
12000	 -12000	 1050	 1050	 0	 1	 1	  0.3510	 1
-6000	 6000	 1050	 1550	 0	 0	 0	  5.5141	 1
-12000	 6000	 1050	 300	 0	 0	 1	  1.0669	 2
12000	 -6000	 1050	 300	 1	 0	 0	  1.2182	 1
-6000	 12000	 1050	 1800	 0	 0	 0	  0.6151	 2
-12000	 6000	 1050	 1800	 0	 0	 0	  0.0096	 2
6000	 -12000	 1050	 1300	 1	 0	 1	  0.6865	 1
-6000	 6000	 1050	 1800	 1	 0	 1	  0.5286	 1
6000	 -12000	 1050	 300	 0	 1	 1	  2.4110	 1
-6000	 12000	 1050	 1550	 0	 1	 1	  0.8474	 1
12000	 -6000	 1050	 1300	 1	 0	 1	  0.6036	 2
6000	 -6000	 1050	 300	 1	 0	 1	  0.5221	 2
-12000	 6000	 1050	 1050	 0	 1	 1	  0.8383	 1
12000	 -6000	 1050	 800	 0	 0	 0	  0.5194	 1
-6000	 12000	 1050	 1300	 0	 0	 1	  0.2742	 1
12000	 -12000	 1050	 1800	 1	 0	 0	  0.6302	 2
-6000	 6000	 1050	 800	 1	 0	 1	  0.4712	 2
-12000	 6000	 1050	 800	 0	 0	 0	  1.2454	 1
6000	 -6000	 1050	 1800	 0	 1	 1	  0.3894	 1
6000	 -12000	 1050	 1550	 0	 1	 0	  0.1801	 2
6000	 -6000	 1050	 1300	 1	 0	 0	  0.9004	 2
6000	 -6000	 1050	 800	 1	 0	 0	  0.6430	 2
12000	 -6000	 1050	 550	 0	 1	 0	  0.0758	 1
-6000	 12000	 1050	 1300	 1	 0	 1	  0.3853	 1
6000	 -6000	 1050	 1300	 0	 1	 1	  0.7907	 1
6000	 -6000	 1050	 1550	 1	 0	 1	  0.4758	 2
-12000	 12000	 1050	 1050	 1	 0	 0	  0.8265	 2
-12000	 6000	 1050	 550	 1	 0	 0	  1.2238	 1
-12000	 12000	 1050	 800	 0	 0	 1	  0.3328	 2
-12000	 6000	 1050	 1800	 1	 0	 1	  0.5259	 1
-12000	 6000	 1050	 300	 0	 1	 0	  0.2788	 1
12000	 -6000	 1050	 300	 0	 1	 1	  0.7127	 2
12000	 -6000	 1050	 1050	 0	 1	 1	  0.4865	 2
12000	 -12000	 1050	 1800	 1	 0	 1	  0.5814	 1
-12000	 12000	 1050	 300	 0	 0	 0	  0.4838	 1
6000	 -12000	 1050	 1800	 1	 0	 0	  0.0257	 2
12000	 -12000	 1050	 1050	 0	 1	 0	  3.1374	 1
12000	 -12000	 1050	 1050	 0	 0	 1	  0.8248	 1
12000	 -12000	 1050	 1300	 0	 0	 1	  0.5080	 1
12000	 -6000	 1050	 1800	 0	 0	 0	  0.8251	 2
-12000	 6000	 1050	 1800	 0	 1	 1	  0.3075	 1
12000	 -12000	 1050	 1300	 0	 0	 0	  0.4873	 2
6000	 -6000	 1050	 300	 0	 0	 0	  0.5890	 1
6000	 -12000	 1050	 550	 1	 0	 0	  0.7333	 1
6000	 -12000	 1050	 1300	 0	 1	 1	  0.8738	 1
-12000	 6000	 1050	 550	 1	 0	 0	  0.5759	 1
12000	 -6000	 1050	 800	 1	 0	 1	  0.7234	 2
-12000	 12000	 1050	 800	 0	 1	 0	  0.4208	 1
6000	 -12000	 1050	 1050	 0	 0	 1	  0.4060	 1
6000	 -12000	 1050	 1800	 0	 0	 0	  0.4941	 2
12000	 -12000	 1050	 1050	 1	 0	 1	  3.9565	 1
6000	 -6000	 1050	 1300	 0	 0	 0	  3.3979	 2
-12000	 12000	 1050	 1550	 0	 1	 0	  0.1788	 2
6000	 -12000	 1050	 300	 0	 0	 0	  0.1242	 1
6000	 -12000	 1050	 1550	 1	 0	 0	  0.6130	 2
-12000	 12000	 1050	 550	 0	 0	 1	  2.0016	 1
6000	 -12000	 1050	 550	 0	 1	 1	  0.5590	 1
-6000	 12000	 1050	 300	 1	 0	 0	  2.6567	 1
6000	 -12000	 1050	 1300	 1	 0	 1	  0.5129	 1
6000	 -6000	 1050	 1550	 0	 0	 1	  0.1693	 2
12000	 -6000	 1050	 1800	 0	 0	 1	  0.4577	 1
-12000	 6000	 1050	 550	 0	 1	 0	  0.6937	 1
-6000	 12000	 1050	 800	 0	 0	 0	  1.1097	 2
-12000	 12000	 1050	 300	 1	 0	 0	  1.0794	 1
6000	 -12000	 1050	 800	 1	 0	 0	  1.3935	 1
12000	 -12000	 1050	 1050	 0	 0	 1	  2.7401	 2
-12000	 6000	 1050	 1800	 0	 0	 1	  3.5377	 1
-12000	 6000	 1050	 1050	 1	 0	 1	  1.6502	 2
12000	 -6000	 1050	 550	 0	 1	 1	  0.4304	 2
-12000	 12000	 1050	 1800	 0	 1	 1	  0.4485	 1
-6000	 12000	 1050	 800	 0	 1	 1	  0.3837	 1
12000	 -6000	 1050	 300	 0	 0	 0	  0.3747	 1
6000	 -12000	 1050	 1050	 0	 0	 0	  0.3999	 2
-12000	 12000	 1050	 800	 0	 1	 1	  0.4547	 2
-6000	 12000	 1050	 300	 1	 0	 1	  0.3893	 1
12000	 -6000	 1050	 1550	 1	 0	 1	  0.5219	 1
-12000	 6000	 1050	 1550	 0	 1	 1	  0.7705	 2
6000	 -12000	 1050	 800	 0	 0	 0	  0.4815	 1
6000	 -12000	 1050	 1800	 1	 0	 0	  0.1199	 2
-12000	 12000	 1050	 550	 0	 0	 1	  2.8020	 1
6000	 -6000	 1050	 1800	 1	 0	 1	  2.5649	 1
-6000	 6000	 1050	 1800	 0	 1	 1	  0.7161	 1
-6000	 12000	 1050	 300	 1	 0	 0	  0.1423	 1
-12000	 6000	 1050	 300	 0	 0	 0	  0.6373	 1
12000	 -12000	 1050	 300	 0	 1	 1	  0.3833	 2
6000	 -12000	 1050	 1550	 0	 0	 1	  1.2948	 1
-6000	 12000	 1050	 550	 0	 1	 0	  0.3516	 1
6000	 -6000	 1050	 1050	 0	 1	 1	  0.8917	 2
-12000	 6000	 1050	 1300	 0	 0	 1	  1.9516	 1
-12000	 6000	 1050	 300	 1	 0	 0	  0.3174	 1
-12000	 12000	 1050	 800	 0	 1	 0	  0.5495	 2
6000	 -12000	 1050	 300	 1	 0	 0	  0.4949	 1
-6000	 12000	 1050	 800	 1	 0	 1	  0.4134	 1
12000	 -12000	 1050	 1800	 0	 1	 0	  1.2937	 2
-6000	 6000	 1050	 550	 0	 0	 1	  0.8023	 2
-12000	 6000	 1050	 1550	 0	 1	 0	  0.4084	 2
-6000	 6000	 1050	 1050	 0	 1	 0	  0.7651	 2
-6000	 6000	 1050	 1050	 0	 1	 0	  0.3630	 1
12000	 -12000	 1050	 1300	 0	 1	 1	  0.6208	 1
12000	 -6000	 1050	 1300	 1	 0	 0	  1.0637	 1
12000	 -12000	 1050	 1050	 1	 0	 0	  1.3030	 2
6000	 -6000	 1050	 1550	 0	 1	 1	  0.7171	 1
12000	 -6000	 1050	 1800	 0	 0	 1	  0.9890	 2
-12000	 6000	 1050	 550	 1	 0	 1	  0.8206	 2
-12000	 12000	 1050	 1550	 0	 1	 1	  0.5210	 1
-12000	 6000	 1050	 300	 1	 0	 1	  0.2236	 2
-12000	 6000	 1050	 1550	 1	 0	 0	  0.4082	 1
-6000	 6000	 1050	 1800	 1	 0	 1	  0.3636	 1
6000	 -12000	 1050	 300	 0	 1	 0	  0.2977	 1
-6000	 12000	 1050	 1050	 0	 0	 1	  0.3413	 1
-6000	 6000	 1050	 300	 0	 1	 1	  1.7182	 2
6000	 -12000	 1050	 1800	 0	 1	 0	  0.3578	 2
6000	 -12000	 1050	 1800	 0	 1	 1	  0.8600	 1
12000	 -12000	 1050	 550	 0	 0	 1	  0.9791	 1
-6000	 12000	 1050	 1800	 0	 0	 0	  0.6565	 2
6000	 -6000	 1050	 1050	 0	 0	 1	  0.5459	 1
6000	 -12000	 1050	 1050	 1	 0	 0	  0.4356	 1
-12000	 12000	 1050	 1550	 1	 0	 0	  0.2669	 2
-12000	 12000	 1050	 1800	 0	 0	 0	  0.6052	 2
-12000	 12000	 1050	 1050	 0	 0	 0	  0.1655	 1
6000	 -12000	 1050	 800	 1	 0	 1	  0.7981	 1
-12000	 12000	 1050	 550	 0	 1	 0	  0.2625	 1
6000	 -12000	 1050	 550	 0	 0	 1	  0.3694	 1
6000	 -12000	 1050	 1050	 0	 1	 1	  2.4033	 1
6000	 -6000	 1050	 1800	 1	 0	 0	  0.5066	 2
-6000	 12000	 1050	 1050	 0	 1	 1	  0.7069	 1
-12000	 6000	 1050	 1300	 1	 0	 0	  3.0903	 2
-12000	 6000	 1050	 1800	 1	 0	 0	  2.7480	 2
12000	 -12000	 1050	 1550	 0	 1	 0	  1.4227	 2
12000	 -6000	 1050	 1800	 0	 0	 0	  1.9298	 2
6000	 -6000	 1050	 300	 0	 0	 0	  0.5417	 1
12000	 -12000	 1050	 1300	 0	 1	 1	  1.3799	 1
-6000	 6000	 1050	 300	 1	 0	 0	  0.8460	 1
6000	 -12000	 1050	 800	 1	 0	 0	  0.5060	 1
12000	 -6000	 1050	 1050	 0	 0	 1	  0.6902	 2
-12000	 12000	 1050	 1800	 1	 0	 1	  0.9165	 1
12000	 -12000	 1050	 300	 1	 0	 1	  0.4031	 2
-12000	 6000	 1050	 800	 1	 0	 0	  0.6129	 1
-12000	 6000	 1050	 1050	 0	 0	 1	  1.0408	 2
12000	 -12000	 1050	 800	 0	 0	 0	  3.2306	 1
6000	 -12000	 1050	 1050	 1	 0	 1	  1.0138	 1
-12000	 12000	 1050	 550	 0	 1	 1	  3.7894	 1
6000	 -12000	 1050	 550	 1	 0	 1	  0.9638	 1
6000	 -12000	 1050	 550	 0	 0	 0	  3.0770	 1
-12000	 12000	 1050	 300	 1	 0	 0	  0.5982	 1
-12000	 12000	 1050	 300	 0	 1	 0	  0.3373	 1
-12000	 12000	 1050	 800	 1	 0	 1	  1.6279	 2
-12000	 6000	 1050	 1050	 1	 0	 1	  1.4402	 2
6000	 -6000	 1050	 550	 0	 1	 0	  0.7155	 1
6000	 -6000	 1050	 1550	 1	 0	 0	  0.2595	 2
-12000	 12000	 1050	 800	 0	 0	 0	  0.6518	 1
12000	 -12000	 1050	 800	 1	 0	 0	  0.6268	 1
-6000	 12000	 1050	 300	 0	 0	 1	  1.6449	 2
12000	 -12000	 1050	 1800	 0	 0	 0	  2.8958	 2
-6000	 12000	 1050	 550	 0	 1	 0	  0.4780	 1
-6000	 12000	 1050	 300	 0	 0	 0	  0.7017	 1
-12000	 6000	 1050	 550	 0	 1	 1	  1.5792	 2
-12000	 12000	 1050	 1050	 0	 0	 1	  3.9963	 2
12000	 -6000	 1050	 1550	 1	 0	 1	  1.6334	 1
6000	 -6000	 1050	 550	 0	 1	 0	  1.2888	 2
12000	 -6000	 1050	 300	 1	 0	 1	  0.2513	 2
-12000	 6000	 1050	 300	 0	 0	 0	  0.8051	 1
-12000	 6000	 1050	 1800	 0	 1	 1	  0.9261	 1
-12000	 6000	 1050	 800	 1	 0	 1	  0.9208	 2
12000	 -12000	 1050	 1550	 1	 0	 1	  0.6198	 2
6000	 -12000	 1050	 1300	 0	 0	 1	  0.5285	 1
-6000	 6000	 1050	 300	 1	 0	 1	  1.2209	 2
12000	 -12000	 1050	 300	 0	 0	 1	  0.1503	 2
-6000	 12000	 1050	 1050	 0	 0	 0	  0.3124	 2
6000	 -6000	 1050	 1800	 0	 1	 0	  0.5112	 2
6000	 -12000	 1050	 800	 1	 0	 1	  0.4172	 2
6000	 -6000	 1050	 800	 0	 0	 1	  1.2821	 2
12000	 -6000	 1050	 1550	 0	 1	 1	  2.2356	 1
-6000	 12000	 1050	 550	 0	 1	 1	  1.1894	 1
6000	 -6000	 1050	 800	 0	 1	 1	  1.7256	 2
6000	 -6000	 1050	 550	 0	 0	 0	  1.9003	 2
12000	 -12000	 1050	 1300	 0	 1	 0	  0.5064	 2
6000	 -6000	 1050	 550	 0	 0	 0	  1.3490	 1
-12000	 6000	 1050	 1550	 0	 0	 0	  1.0170	 2
-6000	 6000	 1050	 1050	 1	 0	 0	  1.7853	 1
12000	 -12000	 1050	 800	 0	 0	 0	  0.4664	 1
-12000	 12000	 1050	 1550	 0	 1	 0	  1.0416	 2
6000	 -6000	 1050	 1050	 1	 0	 1	  1.0420	 2
6000	 -12000	 1050	 1550	 0	 0	 1	  0.4513	 1
6000	 -6000	 1050	 1550	 0	 1	 1	  3.2459	 1
12000	 -12000	 1050	 1300	 0	 1	 0	  0.5355	 2
-12000	 6000	 1050	 800	 0	 0	 1	  0.3449	 2
6000	 -6000	 1050	 300	 0	 1	 1	  0.2121	 2
6000	 -6000	 1050	 300	 0	 0	 1	  0.6461	 2
12000	 -12000	 1050	 1050	 1	 0	 1	  0.3540	 2
-12000	 6000	 1050	 1550	 0	 0	 1	  1.8187	 2
6000	 -6000	 1050	 800	 1	 0	 1	  0.3451	 2
12000	 -6000	 1050	 1550	 0	 0	 0	  3.9384	 1
12000	 -12000	 1050	 1800	 0	 1	 0	  1.1304	 2
-6000	 12000	 1050	 1800	 0	 1	 0	  0.5316	 2
-12000	 12000	 1050	 1800	 1	 0	 0	  0.9327	 1
12000	 -12000	 1050	 1550	 0	 1	 1	  0.0962	 1
-6000	 6000	 1050	 1800	 1	 0	 0	  0.7329	 2
12000	 -6000	 1050	 1550	 0	 0	 1	  0.0617	 1
-12000	 6000	 1050	 550	 0	 1	 1	  0.1645	 1
-12000	 6000	 1050	 1050	 0	 1	 0	  0.7062	 1
6000	 -6000	 1050	 550	 1	 0	 0	  2.0625	 1
-12000	 12000	 1050	 1550	 1	 0	 1	  0.6829	 1
12000	 -6000	 1050	 1550	 1	 0	 0	  0.0056	 1
12000	 -12000	 1050	 1300	 1	 0	 0	  0.9423	 2
-6000	 12000	 1050	 800	 0	 0	 1	  2.4360	 1
-6000	 6000	 1050	 550	 0	 0	 1	  0.0160	 1
-6000	 12000	 1050	 550	 1	 0	 1	  1.1607	 1
12000	 -12000	 1050	 1550	 0	 0	 0	  0.4832	 2
12000	 -6000	 1050	 1800	 1	 0	 1	  0.1717	 1
6000	 -12000	 1050	 1550	 0	 0	 0	  0.9637	 2
12000	 -12000	 1050	 550	 0	 1	 1	  0.3333	 2
12000	 -6000	 1050	 1800	 0	 1	 0	  0.7012	 2
-12000	 6000	 1050	 550	 0	 0	 1	  0.4949	 2
6000	 -12000	 1050	 1550	 0	 1	 0	  0.3629	 2
-6000	 6000	 1050	 1300	 0	 1	 0	  0.0368	 2
-12000	 6000	 1050	 1800	 0	 0	 1	  0.4129	 1
12000	 -12000	 1050	 1550	 0	 0	 0	  0.4031	 2
-12000	 12000	 1050	 550	 1	 0	 1	  0.3444	 2
6000	 -12000	 1050	 1550	 1	 0	 1	  0.3773	 1
6000	 -6000	 1050	 1800	 0	 0	 0	  0.3801	 2
12000	 -12000	 1050	 1300	 1	 0	 1	  1.2493	 1
12000	 -6000	 1050	 1800	 1	 0	 0	  1.3010	 1
12000	 -6000	 1050	 300	 1	 0	 1	  0.3525	 2
-6000	 12000	 1050	 800	 1	 0	 0	  0.5279	 1
6000	 -6000	 1050	 1050	 1	 0	 0	  0.4171	 1
6000	 -6000	 1050	 1300	 1	 0	 0	  0.7807	 2
-12000	 6000	 1050	 1050	 0	 1	 1	  0.3140	 2
12000	 -12000	 1050	 1550	 0	 1	 0	  0.4073	 2
-12000	 6000	 1050	 1050	 0	 0	 0	  1.3108	 1
-12000	 12000	 1050	 800	 0	 0	 0	  0.4596	 1
-12000	 12000	 1050	 1800	 0	 0	 1	  0.3783	 1
6000	 -12000	 1050	 300	 0	 0	 1	  0.4533	 1
-12000	 12000	 1050	 1800	 0	 0	 0	  0.5865	 2
-12000	 6000	 1050	 800	 0	 0	 1	  0.6578	 2
-12000	 6000	 1050	 1550	 0	 0	 1	  0.4949	 1
-12000	 12000	 1050	 1800	 1	 0	 1	  0.3508	 1
12000	 -6000	 1050	 800	 0	 0	 0	  0.4190	 1
-12000	 12000	 1050	 1550	 0	 0	 0	  0.6169	 2
-6000	 6000	 1050	 800	 0	 1	 1	  0.5444	 2
-6000	 12000	 1050	 1800	 0	 1	 1	  0.2611	 1
12000	 -12000	 1050	 550	 1	 0	 0	  0.0062	 1
-12000	 12000	 1050	 1300	 1	 0	 0	  0.9722	 1
-6000	 6000	 1050	 300	 0	 0	 0	  0.5483	 1
-6000	 12000	 1050	 1550	 1	 0	 1	  1.0924	 1
-6000	 12000	 1050	 1300	 0	 1	 1	  0.5436	 2
12000	 -6000	 1050	 800	 0	 0	 1	  0.1747	 2
-12000	 12000	 1050	 800	 0	 1	 1	  0.5721	 1
12000	 -12000	 1050	 800	 0	 0	 1	  0.4340	 1
12000	 -6000	 1050	 1050	 0	 0	 1	  0.6236	 2
-12000	 12000	 1050	 1050	 1	 0	 0	  0.8918	 2
-6000	 12000	 1050	 1300	 0	 0	 0	  0.4213	 2
-6000	 6000	 1050	 1800	 0	 0	 1	  0.3992	 1
6000	 -6000	 1050	 550	 0	 1	 1	  0.6824	 1
6000	 -12000	 1050	 1550	 1	 0	 0	  1.1503	 2
-6000	 12000	 1050	 800	 0	 1	 1	  1.1202	 1
-6000	 6000	 1050	 1050	 1	 0	 1	  1.2278	 2
-12000	 6000	 1050	 1050	 1	 0	 0	  0.8898	 1
6000	 -12000	 1050	 1800	 0	 1	 1	  0.5111	 1
-12000	 6000	 1050	 1550	 1	 0	 1	  0.7291	 1
12000	 -6000	 1050	 800	 0	 1	 1	  0.1155	 1
12000	 -12000	 1050	 1800	 0	 0	 0	  0.8796	 2
12000	 -6000	 1050	 800	 1	 0	 0	  0.5232	 1
12000	 -6000	 1050	 550	 0	 0	 1	  0.4020	 1
-12000	 12000	 1050	 800	 0	 0	 1	  1.8918	 2
12000	 -12000	 1050	 1800	 1	 0	 1	  0.8615	 1
12000	 -6000	 1050	 300	 0	 0	 1	  0.9248	 2
-12000	 6000	 1050	 800	 0	 1	 0	  0.4104	 1
-6000	 6000	 1050	 550	 1	 0	 0	  2.6453	 1
-6000	 12000	 1050	 1300	 0	 0	 1	  0.9812	 1
12000	 -12000	 1050	 800	 1	 0	 1	  0.5040	 2
12000	 -6000	 1050	 550	 0	 0	 0	  1.7983	 1
-6000	 6000	 1050	 1550	 0	 0	 1	  1.9598	 1
-6000	 6000	 1050	 1300	 1	 0	 1	  0.7827	 1
-6000	 6000	 1050	 550	 0	 1	 1	  0.4923	 1
6000	 -12000	 1050	 1300	 0	 0	 0	  0.4969	 2
-12000	 12000	 1050	 1800	 0	 0	 1	  0.5800	 1
-6000	 12000	 1050	 1800	 0	 0	 1	  0.4441	 1
12000	 -12000	 1050	 1800	 0	 0	 1	  0.4733	 1
-6000	 12000	 1050	 300	 0	 0	 1	  0.6587	 2
-12000	 6000	 1050	 1550	 1	 0	 1	  0.7911	 2
-6000	 6000	 1050	 300	 0	 0	 1	  0.4941	 2
-12000	 6000	 1050	 1300	 0	 1	 0	  2.2001	 2
6000	 -12000	 1050	 1050	 0	 1	 1	  0.4299	 1
12000	 -12000	 1050	 300	 0	 0	 0	  0.3356	 1
-6000	 6000	 1050	 1800	 0	 0	 0	  0.5234	 1
12000	 -12000	 1050	 1550	 0	 0	 1	  1.7338	 1
6000	 -6000	 1050	 1300	 1	 0	 1	  0.4756	 1
-6000	 6000	 1050	 300	 1	 0	 1	  0.8058	 2
6000	 -12000	 1050	 800	 0	 1	 1	  0.7991	 1
12000	 -12000	 1050	 800	 1	 0	 0	  1.9488	 1
6000	 -6000	 1050	 1800	 0	 0	 0	  0.5416	 2
-6000	 6000	 1050	 1800	 0	 1	 1	  0.7164	 1
-6000	 6000	 1050	 550	 0	 1	 1	  1.8236	 2
12000	 -6000	 1050	 800	 1	 0	 0	  0.3652	 1
-6000	 12000	 1050	 1050	 0	 0	 0	  0.3518	 2
12000	 -6000	 1050	 550	 0	 0	 1	  0.7291	 1
-6000	 6000	 1050	 1550	 0	 1	 0	  0.9942	 2
-6000	 6000	 1050	 300	 0	 1	 0	  0.6776	 1
6000	 -12000	 1050	 550	 0	 0	 0	  0.7743	 1
6000	 -6000	 1050	 300	 0	 1	 1	  0.3420	 1
12000	 -6000	 1050	 300	 0	 1	 1	  0.0057	 2
6000	 -6000	 1050	 800	 0	 1	 0	  0.5583	 2
-6000	 12000	 1050	 550	 0	 1	 1	  3.2523	 1
-6000	 12000	 1050	 1550	 0	 0	 0	  0.3190	 2
6000	 -6000	 1050	 1050	 1	 0	 1	  0.4450	 2
6000	 -6000	 1050	 550	 1	 0	 1	  0.3470	 2
-12000	 6000	 1050	 1050	 0	 1	 0	  1.5212	 1
6000	 -12000	 1050	 800	 0	 0	 1	  1.3579	 1
-6000	 6000	 1050	 1050	 0	 0	 1	  0.3620	 2
12000	 -6000	 1050	 1050	 1	 0	 1	  0.4590	 2
12000	 -12000	 1050	 550	 0	 1	 1	  0.6175	 2
-6000	 12000	 1050	 1050	 0	 0	 1	  0.5423	 1
6000	 -12000	 1050	 550	 1	 0	 0	  0.3031	 2
-6000	 6000	 1050	 550	 1	 0	 1	  0.3806	 2
6000	 -12000	 1050	 300	 1	 0	 1	  3.1158	 2
-6000	 6000	 1050	 1300	 1	 0	 1	  0.4476	 1
12000	 -6000	 1050	 1300	 0	 0	 0	  0.5203	 2
-6000	 12000	 1050	 1300	 1	 0	 1	  0.4279	 2
6000	 -12000	 1050	 300	 1	 0	 0	  0.3239	 1
-12000	 12000	 1050	 1300	 0	 0	 0	  0.1955	 2
-6000	 12000	 1050	 1550	 0	 0	 0	  0.1742	 2
-6000	 6000	 1050	 1050	 0	 0	 1	  1.4036	 1
12000	 -12000	 1050	 800	 0	 1	 1	  0.4384	 1
6000	 -6000	 1050	 1550	 1	 0	 1	  0.3576	 1
-12000	 12000	 1050	 300	 0	 1	 0	  0.3517	 1
12000	 -6000	 1050	 300	 0	 0	 0	  0.2556	 1
-6000	 6000	 1050	 1550	 0	 0	 0	  1.3029	 2
-6000	 6000	 1050	 800	 0	 0	 0	  0.8931	 2
12000	 -6000	 1050	 1800	 0	 1	 1	  0.5281	 1
12000	 -6000	 1050	 1300	 1	 0	 1	  0.5952	 2
-12000	 12000	 1050	 550	 1	 0	 1	  0.4338	 2
12000	 -6000	 1050	 1050	 1	 0	 0	  2.5260	 1
12000	 -12000	 1050	 1550	 0	 1	 1	  0.4895	 1
6000	 -12000	 1050	 1300	 0	 0	 0	  0.6660	 2
6000	 -6000	 1050	 1550	 1	 0	 0	  0.5412	 2
6000	 -6000	 1050	 300	 1	 0	 1	  0.7245	 2
6000	 -12000	 1050	 1300	 0	 1	 1	  0.3445	 1
12000	 -6000	 1050	 1300	 0	 0	 1	  0.3568	 1
6000	 -12000	 1050	 800	 0	 1	 0	  1.1023	 2
6000	 -12000	 1050	 1800	 1	 0	 1	  1.2130	 2
-12000	 6000	 1050	 1800	 0	 1	 0	  3.3995	 1
-12000	 12000	 1050	 300	 0	 0	 1	  0.0199	 2
-6000	 6000	 1050	 300	 0	 1	 1	  0.8692	 1
12000	 -6000	 1050	 1550	 0	 1	 0	  0.3964	 2
12000	 -12000	 1050	 1550	 1	 0	 0	  0.0162	 2
6000	 -12000	 1050	 1800	 0	 0	 1	  4.6541	 2
-6000	 12000	 1050	 1050	 0	 1	 1	  0.3669	 1
-6000	 6000	 1050	 1300	 1	 0	 0	  0.5207	 1
-12000	 12000	 1050	 1300	 0	 1	 1	  0.3059	 1
12000	 -6000	 1050	 800	 0	 0	 1	  0.3095	 1
12000	 -6000	 1050	 800	 1	 0	 1	  0.3157	 2
-12000	 6000	 1050	 1050	 1	 0	 0	  0.8238	 1
-6000	 6000	 1050	 300	 0	 1	 0	  2.3869	 1
-6000	 12000	 1050	 300	 0	 1	 0	  0.3761	 1
12000	 -12000	 1050	 1550	 1	 0	 1	  0.5534	 1
12000	 -12000	 1050	 800	 1	 0	 1	  0.2672	 2
-6000	 6000	 1050	 300	 0	 0	 1	  1.7634	 2
-6000	 12000	 1050	 1550	 0	 1	 0	  0.3381	 2
-12000	 6000	 1050	 300	 0	 1	 1	  0.7594	 2
-6000	 12000	 1050	 800	 0	 0	 0	  0.8625	 2
-12000	 12000	 1050	 550	 1	 0	 0	  0.3736	 1
6000	 -12000	 1050	 1550	 0	 1	 1	  0.3286	 2
6000	 -12000	 1050	 1300	 0	 1	 0	  0.2990	 2
-12000	 12000	 1050	 300	 1	 0	 1	  0.5542	 1
6000	 -12000	 1050	 550	 0	 1	 1	  0.3074	 1
-6000	 6000	 1050	 1300	 0	 0	 1	  1.4124	 2
12000	 -6000	 1050	 550	 1	 0	 0	  0.5412	 1
12000	 -6000	 1050	 1300	 0	 1	 1	  0.5445	 1
-6000	 6000	 1050	 1050	 0	 0	 0	  0.0533	 1
-6000	 12000	 1050	 1800	 0	 1	 1	  0.5426	 1
6000	 -12000	 1050	 1300	 0	 1	 0	  0.2854	 2
-12000	 12000	 1050	 1550	 0	 0	 0	  0.5453	 1
12000	 -6000	 1050	 1800	 0	 1	 1	  0.5157	 1
12000	 -12000	 1050	 1800	 0	 1	 1	  1.0534	 1
6000	 -6000	 1050	 1800	 0	 1	 1	  1.2144	 1
6000	 -6000	 1050	 1050	 0	 0	 0	  0.8224	 2
-6000	 6000	 1050	 1050	 0	 0	 0	  0.4851	 1
-6000	 12000	 1050	 1550	 0	 0	 1	  0.1585	 1
6000	 -6000	 1050	 1300	 0	 0	 1	  0.0625	 1
-12000	 12000	 1050	 1300	 1	 0	 1	  0.2809	 2
12000	 -12000	 1050	 300	 0	 1	 1	  1.9078	 2
-12000	 6000	 1050	 1550	 0	 0	 0	  0.3978	 1
-12000	 6000	 1050	 550	 0	 1	 0	  0.4992	 1
6000	 -6000	 1050	 1550	 0	 0	 1	  0.4293	 1
-12000	 12000	 1050	 550	 1	 0	 0	  0.9101	 1
-12000	 6000	 1050	 300	 0	 1	 1	  2.1323	 1
12000	 -6000	 1050	 1550	 0	 0	 1	  0.3997	 1
-12000	 12000	 1050	 1550	 1	 0	 0	  0.0213	 2
12000	 -6000	 1050	 550	 1	 0	 1	  0.1546	 2
12000	 -12000	 1050	 1050	 0	 1	 1	  0.3701	 1
-6000	 12000	 1050	 1800	 1	 0	 1	  0.4218	 1
6000	 -6000	 1050	 1050	 0	 0	 1	  1.3349	 1
-6000	 6000	 1050	 550	 0	 0	 0	  0.0293	 2
12000	 -12000	 1050	 300	 0	 1	 0	  0.5597	 1
12000	 -12000	 1050	 1050	 0	 0	 0	  0.2865	 1
-12000	 12000	 1050	 300	 1	 0	 1	  0.6485	 2
-6000	 12000	 1050	 1550	 1	 0	 0	  1.3575	 2
12000	 -6000	 1050	 1300	 0	 1	 1	  1.5546	 1
-6000	 12000	 1050	 800	 1	 0	 1	  0.5127	 1
12000	 -12000	 1050	 800	 0	 1	 0	  0.3385	 2
6000	 -6000	 1050	 1550	 0	 1	 0	  2.0876	 2
-12000	 6000	 1050	 300	 1	 0	 1	  0.5009	 2
6000	 -6000	 1050	 1800	 0	 0	 1	  2.6607	 1
6000	 -6000	 1050	 1050	 1	 0	 0	  0.3008	 1
-12000	 12000	 1050	 1300	 1	 0	 0	  1.2924	 2
-6000	 6000	 1050	 1300	 0	 0	 0	  0.4029	 2
12000	 -6000	 1050	 1550	 1	 0	 0	  1.3818	 1
-6000	 6000	 1050	 550	 0	 1	 0	  0.8046	 1
12000	 -12000	 1050	 1050	 1	 0	 0	  0.4899	 2
12000	 -6000	 1050	 1550	 0	 1	 1	  0.0701	 1
-6000	 6000	 1050	 300	 1	 0	 0	  0.4001	 1
-6000	 6000	 1050	 800	 0	 1	 0	  0.6683	 1
-6000	 6000	 1050	 1800	 0	 1	 0	  0.2381	 2
-6000	 12000	 1050	 800	 1	 0	 0	  0.2767	 2
-6000	 12000	 1050	 1050	 1	 0	 0	  0.3081	 2
6000	 -12000	 1050	 300	 1	 0	 1	  3.2484	 2
-6000	 12000	 1050	 300	 0	 1	 1	  0.5953	 2
-6000	 6000	 1050	 1550	 0	 1	 0	  0.4015	 2
