-6000	 12000	 1050	 300	 0	 0	 0	  2.1685	 1
12000	 -12000	 1050	 1800	 0	 1	 1	  0.9805	 1
6000	 -12000	 1050	 1800	 0	 1	 0	  0.8665	 2
-6000	 12000	 1050	 550	 0	 0	 1	  0.9904	 2
6000	 -6000	 1050	 550	 0	 0	 1	  0.9620	 2
-12000	 12000	 1050	 1300	 1	 0	 0	  0.6881	 2
6000	 -12000	 1050	 1300	 0	 1	 0	  1.0586	 2
12000	 -12000	 1050	 800	 1	 0	 1	  0.6182	 1
12000	 -6000	 1050	 1800	 1	 0	 1	  2.0784	 2
-6000	 12000	 1050	 550	 0	 0	 1	  1.2190	 1
-12000	 6000	 1050	 550	 1	 0	 0	  0.3529	 1
6000	 -6000	 1050	 800	 1	 0	 0	  0.7864	 1
-12000	 12000	 1050	 1550	 0	 1	 0	  0.5540	 2
-12000	 12000	 1050	 1050	 0	 0	 0	  0.2476	 1
12000	 -6000	 1050	 1050	 0	 0	 1	  0.5397	 2
12000	 -6000	 1050	 800	 0	 0	 0	  0.9483	 1
12000	 -6000	 1050	 800	 0	 0	 1	  1.0826	 1
-12000	 6000	 1050	 800	 0	 1	 1	  0.6165	 2
-6000	 12000	 1050	 1800	 1	 0	 1	  2.2909	 1
-6000	 6000	 1050	 800	 0	 1	 0	  0.8058	 2
12000	 -12000	 1050	 300	 1	 0	 1	  0.0295	 2
12000	 -6000	 1050	 1300	 0	 0	 0	  0.4704	 2
6000	 -12000	 1050	 1300	 0	 0	 1	  1.6400	 1
12000	 -6000	 1050	 1050	 0	 1	 0	  1.7670	 2
6000	 -12000	 1050	 1800	 1	 0	 0	  1.0022	 2
-12000	 6000	 1050	 300	 1	 0	 1	  0.3486	 2
-6000	 12000	 1050	 1550	 1	 0	 0	  1.1094	 1
12000	 -12000	 1050	 1800	 1	 0	 0	  2.6819	 2
-12000	 6000	 1050	 1300	 1	 0	 0	  0.8849	 1
-6000	 12000	 1050	 550	 0	 1	 0	  1.1470	 1
-12000	 6000	 1050	 1300	 0	 0	 1	  0.5899	 1
-12000	 12000	 1050	 800	 0	 1	 0	  0.1924	 1
12000	 -6000	 1050	 300	 0	 1	 0	  0.2113	 1
-6000	 12000	 1050	 800	 1	 0	 0	  0.8221	 1
12000	 -6000	 1050	 1550	 0	 1	 0	  0.8036	 2
-12000	 12000	 1050	 550	 0	 1	 0	  1.0931	 1
-12000	 12000	 1050	 550	 1	 0	 0	  0.6485	 1
-6000	 12000	 1050	 1550	 0	 1	 0	  0.7999	 2
-12000	 12000	 1050	 1050	 0	 1	 0	  0.5283	 2
6000	 -12000	 1050	 300	 1	 0	 1	  0.6090	 2
-12000	 12000	 1050	 550	 0	 0	 1	  0.5575	 2
-6000	 12000	 1050	 1550	 0	 1	 1	  0.8836	 1
-6000	 6000	 1050	 550	 0	 1	 1	  1.2709	 2
6000	 -6000	 1050	 1550	 1	 0	 0	  2.2406	 2
6000	 -12000	 1050	 800	 0	 0	 1	  1.3345	 2
12000	 -12000	 1050	 550	 1	 0	 0	  1.3003	 1
-6000	 6000	 1050	 1050	 1	 0	 0	  1.8426	 1
-12000	 12000	 1050	 1550	 0	 0	 0	  1.0271	 1
-12000	 12000	 1050	 1300	 0	 1	 0	  0.7119	 2
6000	 -6000	 1050	 800	 0	 1	 1	  1.1790	 2
-12000	 12000	 1050	 300	 0	 0	 1	  0.4709	 2
6000	 -12000	 1050	 1550	 0	 0	 0	  0.4998	 2
12000	 -12000	 1050	 1300	 0	 1	 0	  0.4589	 2
-12000	 6000	 1050	 300	 0	 0	 0	  0.2774	 1
-6000	 6000	 1050	 550	 0	 0	 1	  0.8701	 2
12000	 -6000	 1050	 800	 0	 0	 0	  0.8382	 2
-6000	 6000	 1050	 1300	 1	 0	 1	  0.8210	 1
6000	 -12000	 1050	 550	 1	 0	 0	  0.9522	 1
6000	 -12000	 1050	 300	 0	 0	 0	  0.7677	 1
6000	 -12000	 1050	 550	 0	 1	 1	  0.3028	 2
12000	 -12000	 1050	 550	 0	 1	 0	  0.4854	 1
12000	 -12000	 1050	 1050	 0	 0	 1	  0.7410	 2
12000	 -12000	 1050	 550	 1	 0	 1	  0.4232	 2
6000	 -12000	 1050	 1800	 0	 0	 1	  1.1059	 1
-12000	 12000	 1050	 1050	 0	 0	 1	  1.5548	 1
12000	 -6000	 1050	 1300	 0	 0	 0	  0.4842	 2
12000	 -12000	 1050	 1800	 0	 0	 0	  0.6211	 2
6000	 -6000	 1050	 1300	 0	 0	 1	  0.2081	 1
12000	 -6000	 1050	 1550	 1	 0	 1	  1.1552	 2
12000	 -12000	 1050	 1800	 1	 0	 1	  0.5280	 1
-6000	 12000	 1050	 800	 0	 1	 0	  1.6109	 1
-12000	 12000	 1050	 300	 0	 1	 0	  0.6348	 1
-6000	 12000	 1050	 1800	 0	 1	 1	  0.8503	 1
6000	 -6000	 1050	 1050	 0	 0	 0	  1.1606	 2
-12000	 12000	 1050	 1050	 1	 0	 0	  0.6020	 1
6000	 -6000	 1050	 300	 0	 0	 0	  0.3556	 1
-12000	 6000	 1050	 1300	 0	 0	 0	  0.2080	 2
-6000	 6000	 1050	 1800	 1	 0	 0	  1.9180	 2
6000	 -12000	 1050	 800	 0	 0	 1	  0.8325	 2
-6000	 6000	 1050	 1050	 0	 1	 0	  3.6662	 2
12000	 -12000	 1050	 1550	 1	 0	 0	  0.3245	 2
12000	 -6000	 1050	 1300	 1	 0	 0	  0.5214	 1
6000	 -6000	 1050	 550	 0	 1	 0	  0.5835	 1
6000	 -12000	 1050	 550	 1	 0	 1	  0.2802	 2
-12000	 6000	 1050	 800	 0	 0	 1	  0.2166	 1
6000	 -6000	 1050	 800	 1	 0	 1	  0.3278	 2
-6000	 12000	 1050	 800	 0	 0	 1	  0.8765	 2
-12000	 6000	 1050	 800	 0	 1	 1	  2.7410	 2
6000	 -6000	 1050	 1050	 1	 0	 0	  0.2672	 1
-6000	 6000	 1050	 800	 1	 0	 0	  0.2463	 1
6000	 -6000	 1050	 1300	 1	 0	 0	  0.3394	 1
-6000	 12000	 1050	 550	 1	 0	 0	  0.5741	 1
12000	 -6000	 1050	 1550	 0	 1	 1	  0.2438	 1
12000	 -6000	 1050	 1050	 0	 1	 0	  0.1072	 2
-12000	 6000	 1050	 800	 1	 0	 0	  0.8248	 1
12000	 -12000	 1050	 800	 1	 0	 0	  1.1830	 1
6000	 -12000	 1050	 1050	 1	 0	 0	  0.4275	 1
-12000	 6000	 1050	 550	 1	 0	 0	  0.6391	 1
-6000	 12000	 1050	 800	 0	 0	 0	  4.1555	 1
6000	 -12000	 1050	 1050	 0	 1	 1	  1.1031	 1
-12000	 6000	 1050	 550	 0	 0	 0	  0.6602	 2
-12000	 12000	 1050	 1300	 0	 1	 1	  1.4981	 1
12000	 -6000	 1050	 1550	 0	 1	 1	  0.6637	 1
-12000	 6000	 1050	 1050	 0	 0	 1	  0.7658	 1
12000	 -12000	 1050	 1050	 0	 1	 0	  0.6987	 2
6000	 -12000	 1050	 1550	 0	 1	 0	  0.7536	 2
-6000	 12000	 1050	 1050	 1	 0	 1	  0.4697	 2
6000	 -12000	 1050	 1300	 0	 1	 1	  1.9774	 1
-6000	 12000	 1050	 800	 1	 0	 1	  0.5434	 2
-12000	 6000	 1050	 1550	 0	 0	 0	  0.3308	 2
12000	 -12000	 1050	 300	 0	 0	 1	  0.4406	 2
6000	 -6000	 1050	 300	 1	 0	 0	  1.6613	 1
12000	 -6000	 1050	 1800	 0	 1	 1	  0.7874	 1
-6000	 6000	 1050	 300	 0	 0	 0	  0.1010	 1
-6000	 12000	 1050	 1300	 0	 0	 0	  0.0927	 2
-6000	 6000	 1050	 1800	 0	 1	 1	  0.3853	 1
6000	 -12000	 1050	 1800	 0	 0	 0	  0.7223	 2
-12000	 12000	 1050	 1300	 0	 0	 1	  0.3407	 1
-6000	 6000	 1050	 1050	 0	 0	 1	  0.4904	 2
12000	 -6000	 1050	 1050	 0	 1	 1	  0.8359	 1
12000	 -12000	 1050	 800	 0	 1	 1	  0.2677	 2
6000	 -12000	 1050	 300	 1	 0	 0	  0.3243	 1
-12000	 12000	 1050	 1050	 0	 1	 1	  0.8379	 1
-12000	 6000	 1050	 1050	 0	 1	 0	  0.3767	 2
12000	 -12000	 1050	 550	 1	 0	 1	  0.9765	 2
-12000	 6000	 1050	 1800	 0	 1	 0	  0.6999	 2
12000	 -6000	 1050	 1800	 0	 0	 0	  0.3951	 2
12000	 -6000	 1050	 300	 1	 0	 1	  2.0597	 2
-6000	 6000	 1050	 1800	 0	 1	 0	  0.4096	 1
12000	 -12000	 1050	 1550	 0	 1	 1	  0.2771	 1
12000	 -6000	 1050	 800	 1	 0	 1	  0.3143	 2
-12000	 6000	 1050	 550	 0	 1	 0	  1.3531	 2
6000	 -12000	 1050	 1800	 0	 0	 0	  1.2846	 2
6000	 -12000	 1050	 1800	 0	 1	 1	  1.5793	 1
-6000	 6000	 1050	 800	 1	 0	 1	  1.0730	 2
-6000	 6000	 1050	 800	 0	 0	 0	  1.4338	 1
-6000	 12000	 1050	 1300	 0	 1	 1	  0.5367	 1
-12000	 12000	 1050	 1800	 1	 0	 1	  0.4443	 1
-6000	 6000	 1050	 550	 0	 1	 0	  0.2313	 1
6000	 -12000	 1050	 800	 1	 0	 0	  0.3719	 1
-6000	 6000	 1050	 1800	 0	 0	 1	  0.3126	 1
6000	 -6000	 1050	 1800	 1	 0	 0	  0.5595	 2
6000	 -12000	 1050	 1050	 0	 0	 1	  0.5449	 2
-12000	 6000	 1050	 1050	 0	 1	 1	  0.9287	 1
-12000	 6000	 1050	 300	 0	 0	 1	  0.5036	 2
12000	 -12000	 1050	 800	 0	 1	 1	  0.8962	 1
12000	 -12000	 1050	 1300	 1	 0	 0	  0.7755	 1
12000	 -6000	 1050	 550	 0	 1	 0	  1.2446	 1
6000	 -12000	 1050	 800	 1	 0	 0	  0.4153	 1
-12000	 12000	 1050	 550	 0	 1	 1	  0.5196	 1
-6000	 12000	 1050	 1050	 1	 0	 0	  0.7573	 1
12000	 -12000	 1050	 1300	 1	 0	 0	  1.3292	 1
12000	 -12000	 1050	 1050	 0	 0	 1	  0.4859	 2
-12000	 12000	 1050	 550	 1	 0	 0	  2.7537	 2
-6000	 6000	 1050	 1050	 1	 0	 1	  3.0933	 2
6000	 -12000	 1050	 1550	 0	 0	 1	  0.3645	 1
-6000	 6000	 1050	 1050	 0	 1	 1	  0.6357	 1
-6000	 6000	 1050	 1550	 0	 0	 1	  1.2728	 2
-12000	 6000	 1050	 1550	 0	 0	 1	  2.2050	 2
12000	 -12000	 1050	 800	 1	 0	 0	  0.6804	 1
12000	 -6000	 1050	 1300	 1	 0	 1	  3.1286	 1
-6000	 12000	 1050	 1800	 0	 0	 1	  0.5820	 1
6000	 -6000	 1050	 1300	 0	 0	 0	  0.3371	 2
-12000	 6000	 1050	 300	 0	 1	 1	  0.3720	 2
-12000	 6000	 1050	 1800	 0	 1	 1	  0.8582	 1
-12000	 12000	 1050	 300	 1	 0	 0	  0.2613	 1
12000	 -12000	 1050	 300	 0	 1	 1	  0.5875	 2
-12000	 6000	 1050	 1800	 1	 0	 1	  1.5148	 1
6000	 -6000	 1050	 1550	 0	 0	 1	  2.0600	 2
12000	 -6000	 1050	 1550	 0	 1	 0	  0.3474	 2
12000	 -12000	 1050	 300	 1	 0	 0	  0.3517	 1
-6000	 12000	 1050	 1550	 0	 1	 1	  0.8326	 1
6000	 -6000	 1050	 800	 0	 1	 0	  0.6816	 2
-6000	 12000	 1050	 1800	 1	 0	 0	  0.1898	 1
6000	 -6000	 1050	 300	 1	 0	 1	  0.2761	 2
12000	 -12000	 1050	 1800	 1	 0	 0	  0.3250	 2
-6000	 6000	 1050	 1300	 0	 1	 0	  0.3139	 2
-6000	 12000	 1050	 300	 0	 1	 1	  0.8684	 2
12000	 -6000	 1050	 1550	 0	 0	 0	  1.1655	 2
6000	 -6000	 1050	 1300	 0	 0	 1	  0.1802	 1
-12000	 12000	 1050	 1800	 0	 0	 0	  0.3435	 2
-6000	 12000	 1050	 300	 1	 0	 1	  1.2875	 2
6000	 -6000	 1050	 1050	 0	 1	 1	  0.5440	 1
-6000	 12000	 1050	 1300	 1	 0	 1	  0.3311	 1
-12000	 6000	 1050	 1050	 0	 1	 1	  0.8633	 2
6000	 -6000	 1050	 550	 0	 0	 1	  0.4340	 2
12000	 -6000	 1050	 1550	 1	 0	 1	  0.4900	 1
12000	 -6000	 1050	 1300	 0	 0	 1	  0.6726	 1
-6000	 12000	 1050	 1550	 0	 0	 0	  0.3636	 2
12000	 -6000	 1050	 1300	 0	 1	 1	  0.4210	 1
-12000	 12000	 1050	 1550	 1	 0	 0	  0.4826	 2
-6000	 12000	 1050	 800	 0	 0	 0	  0.1863	 1
-6000	 6000	 1050	 800	 1	 0	 1	  0.5448	 2
-6000	 12000	 1050	 300	 1	 0	 1	  0.4666	 2
-6000	 6000	 1050	 1050	 0	 0	 1	  0.3250	 2
6000	 -6000	 1050	 550	 1	 0	 1	  0.0547	 2
12000	 -12000	 1050	 1300	 0	 0	 0	  1.3143	 2
12000	 -12000	 1050	 300	 0	 1	 1	  0.7800	 1
6000	 -12000	 1050	 1300	 0	 0	 0	  4.8770	 2
-12000	 6000	 1050	 800	 0	 1	 0	  1.0361	 2
-12000	 12000	 1050	 800	 0	 0	 0	  0.3900	 1
-12000	 6000	 1050	 1300	 0	 1	 1	  0.2640	 1
-12000	 6000	 1050	 1550	 1	 0	 0	  0.4039	 2
-12000	 12000	 1050	 1800	 0	 0	 1	  0.2771	 1
-12000	 12000	 1050	 1300	 0	 1	 0	  0.2649	 2
-12000	 12000	 1050	 550	 1	 0	 1	  0.3195	 2
-12000	 6000	 1050	 1800	 0	 0	 0	  0.2695	 2
6000	 -6000	 1050	 1300	 0	 0	 0	  0.4689	 2
6000	 -12000	 1050	 1300	 0	 0	 0	  0.4353	 2
6000	 -6000	 1050	 1550	 1	 0	 1	  1.0770	 1
-6000	 12000	 1050	 1550	 0	 0	 1	  0.6027	 1
6000	 -12000	 1050	 1800	 1	 0	 1	  0.3433	 2
12000	 -6000	 1050	 550	 0	 1	 1	  0.1556	 2
12000	 -6000	 1050	 1050	 0	 1	 1	  0.8162	 2
6000	 -6000	 1050	 300	 0	 0	 0	  0.3142	 1
-12000	 6000	 1050	 1550	 0	 1	 1	  0.2011	 1
12000	 -6000	 1050	 800	 1	 0	 0	  0.3566	 1
-12000	 12000	 1050	 550	 0	 0	 1	  0.8257	 2
6000	 -6000	 1050	 1300	 0	 1	 1	  0.6111	 1
6000	 -12000	 1050	 1050	 0	 0	 0	  0.2990	 1
-6000	 12000	 1050	 1050	 0	 0	 0	  2.1456	 1
-12000	 12000	 1050	 1050	 1	 0	 1	  0.3020	 2
6000	 -6000	 1050	 1050	 0	 0	 1	  2.6937	 1
6000	 -12000	 1050	 1300	 1	 0	 1	  0.2673	 2
12000	 -12000	 1050	 1550	 0	 0	 1	  0.0133	 1
12000	 -12000	 1050	 1800	 0	 1	 0	  0.3597	 2
12000	 -6000	 1050	 1050	 1	 0	 0	  0.4295	 1
12000	 -12000	 1050	 800	 0	 0	 1	  0.5293	 2
12000	 -6000	 1050	 550	 0	 0	 0	  0.7121	 1
6000	 -12000	 1050	 1800	 0	 0	 1	  0.2970	 1
12000	 -12000	 1050	 1800	 0	 0	 0	  0.4213	 2
-12000	 12000	 1050	 550	 0	 0	 0	  0.2466	 2
-12000	 6000	 1050	 550	 1	 0	 1	  1.1673	 1
-12000	 6000	 1050	 1550	 0	 0	 0	  0.2875	 2
-6000	 6000	 1050	 1800	 0	 0	 1	  0.3159	 1
-12000	 12000	 1050	 1550	 0	 0	 0	  0.3967	 2
6000	 -12000	 1050	 1550	 1	 0	 1	  0.9944	 1
-6000	 6000	 1050	 800	 0	 0	 0	  0.3202	 1
-12000	 12000	 1050	 1300	 0	 0	 1	  0.2616	 1
-12000	 12000	 1050	 1800	 0	 0	 0	  0.3104	 2
12000	 -12000	 1050	 1300	 0	 0	 0	  0.3289	 2
6000	 -12000	 1050	 1300	 1	 0	 1	  4.3210	 2
-6000	 6000	 1050	 1300	 0	 1	 1	  0.1525	 1
6000	 -12000	 1050	 550	 0	 1	 0	  0.0083	 1
-6000	 12000	 1050	 550	 1	 0	 0	  0.0788	 1
6000	 -6000	 1050	 300	 1	 0	 0	  0.3114	 1
12000	 -12000	 1050	 550	 1	 0	 0	  0.3250	 1
-12000	 6000	 1050	 550	 0	 1	 0	  0.8438	 1
6000	 -6000	 1050	 300	 0	 1	 0	  3.0769	 1
-12000	 12000	 1050	 800	 0	 1	 0	  0.0927	 2
-12000	 12000	 1050	 300	 1	 0	 0	  0.5389	 1
-12000	 12000	 1050	 300	 0	 1	 0	  0.5122	 1
-12000	 12000	 1050	 1800	 1	 0	 0	  0.2514	 2
6000	 -6000	 1050	 800	 0	 0	 0	  0.3024	 1
-12000	 12000	 1050	 800	 1	 0	 0	  1.2969	 1
12000	 -12000	 1050	 300	 1	 0	 1	  0.3203	 2
-6000	 12000	 1050	 1050	 1	 0	 0	  0.3597	 1
6000	 -6000	 1050	 1800	 0	 0	 0	  0.1709	 2
12000	 -12000	 1050	 1300	 1	 0	 1	  0.2988	 1
-12000	 12000	 1050	 1550	 1	 0	 1	  0.6394	 2
6000	 -12000	 1050	 1050	 1	 0	 1	  0.8124	 2
12000	 -12000	 1050	 1050	 1	 0	 1	  0.4193	 2
-12000	 6000	 1050	 1800	 0	 1	 0	  0.3464	 2
12000	 -6000	 1050	 800	 1	 0	 0	  0.4771	 2
6000	 -6000	 1050	 1300	 0	 1	 0	  0.2950	 2
-6000	 12000	 1050	 1300	 1	 0	 1	  0.2490	 2
-6000	 6000	 1050	 550	 0	 0	 1	  0.2003	 2
-12000	 6000	 1050	 800	 0	 0	 1	  1.8003	 2
-6000	 12000	 1050	 1800	 0	 1	 0	  0.3359	 2
-6000	 6000	 1050	 550	 1	 0	 0	  0.7661	 1
6000	 -12000	 1050	 550	 0	 0	 1	  0.4018	 2
6000	 -6000	 1050	 1300	 1	 0	 0	  0.3214	 1
-6000	 6000	 1050	 300	 0	 1	 1	  0.3784	 2
-6000	 6000	 1050	 300	 0	 1	 0	  0.2854	 2
-12000	 6000	 1050	 1550	 1	 0	 1	  0.5411	 2
-12000	 12000	 1050	 1800	 0	 1	 0	  0.6212	 2
6000	 -6000	 1050	 1550	 0	 1	 0	  0.3254	 1
6000	 -12000	 1050	 800	 0	 1	 0	  0.3585	 1
-6000	 12000	 1050	 800	 0	 1	 1	  1.4530	 2
-6000	 12000	 1050	 300	 1	 0	 0	  0.7423	 1
6000	 -12000	 1050	 1550	 0	 1	 0	  0.2550	 2
-12000	 12000	 1050	 1300	 1	 0	 1	  0.5151	 2
12000	 -12000	 1050	 1550	 0	 0	 1	  0.4770	 2
-12000	 6000	 1050	 800	 0	 1	 0	  0.4585	 2
12000	 -6000	 1050	 1050	 1	 0	 1	  0.3135	 1
-12000	 6000	 1050	 300	 0	 1	 1	  0.0090	 2
-6000	 12000	 1050	 1050	 0	 1	 0	  0.1636	 2
12000	 -6000	 1050	 550	 0	 1	 0	  0.1395	 1
-12000	 6000	 1050	 1300	 0	 0	 1	  0.0686	 1
-6000	 6000	 1050	 1300	 0	 0	 0	  0.9743	 1
12000	 -12000	 1050	 1300	 0	 1	 0	  0.4429	 2
12000	 -6000	 1050	 300	 0	 1	 0	  0.1820	 1
-6000	 12000	 1050	 300	 0	 0	 0	  0.2942	 1
-6000	 12000	 1050	 1800	 1	 0	 0	  0.4383	 1
6000	 -6000	 1050	 1300	 0	 1	 1	  0.2630	 1
6000	 -6000	 1050	 1800	 0	 1	 0	  0.2844	 2
-12000	 6000	 1050	 1800	 1	 0	 1	  0.2821	 2
-12000	 6000	 1050	 1300	 0	 1	 0	  0.2520	 2
12000	 -12000	 1050	 1050	 0	 1	 0	  0.2434	 1
-6000	 12000	 1050	 1800	 0	 1	 0	  0.5644	 2
6000	 -6000	 1050	 800	 0	 0	 0	  0.0870	 1
-6000	 12000	 1050	 300	 0	 1	 0	  0.5584	 1
-12000	 6000	 1050	 550	 0	 1	 1	  0.9088	 1
-6000	 12000	 1050	 300	 1	 0	 0	  0.3171	 1
12000	 -6000	 1050	 300	 1	 0	 1	  0.4516	 2
-12000	 12000	 1050	 550	 0	 1	 1	  0.3096	 2
12000	 -12000	 1050	 550	 0	 0	 1	  0.0495	 1
-12000	 6000	 1050	 1800	 1	 0	 0	  0.3752	 2
12000	 -6000	 1050	 800	 0	 1	 1	  0.5500	 2
-6000	 6000	 1050	 1550	 1	 0	 0	  0.7262	 1
-12000	 12000	 1050	 550	 1	 0	 1	  1.8552	 2
6000	 -12000	 1050	 1550	 0	 0	 1	  0.3976	 1
12000	 -6000	 1050	 1800	 0	 1	 1	  0.2927	 1
12000	 -12000	 1050	 1550	 1	 0	 1	  0.4901	 2
12000	 -12000	 1050	 1800	 0	 1	 1	  0.2703	 1
12000	 -12000	 1050	 1550	 1	 0	 0	  0.2737	 2
6000	 -12000	 1050	 300	 0	 0	 0	  0.3011	 1
-12000	 6000	 1050	 1550	 0	 1	 1	  0.1962	 1
12000	 -12000	 1050	 1050	 0	 0	 0	  0.4606	 1
12000	 -6000	 1050	 1550	 1	 0	 0	  0.2171	 2
6000	 -6000	 1050	 800	 1	 0	 1	  0.2790	 2
6000	 -12000	 1050	 550	 0	 1	 0	  0.2497	 1
-6000	 6000	 1050	 300	 1	 0	 0	  0.5367	 1
12000	 -12000	 1050	 800	 0	 1	 0	  0.4865	 1
-6000	 12000	 1050	 300	 0	 0	 1	  0.3185	 2
6000	 -6000	 1050	 1550	 0	 0	 1	  0.3430	 1
6000	 -6000	 1050	 1800	 0	 1	 1	  0.2000	 1
6000	 -12000	 1050	 550	 0	 1	 1	  0.4979	 1
-12000	 12000	 1050	 550	 0	 0	 0	  0.1491	 1
6000	 -12000	 1050	 800	 1	 0	 1	  0.4699	 2
-6000	 12000	 1050	 800	 0	 0	 1	  0.8927	 2
12000	 -6000	 1050	 1050	 0	 0	 0	  0.3221	 2
12000	 -6000	 1050	 300	 0	 1	 1	  0.4287	 2
12000	 -12000	 1050	 550	 0	 0	 0	  0.2384	 1
12000	 -12000	 1050	 300	 0	 0	 1	  0.2732	 2
-6000	 12000	 1050	 550	 1	 0	 1	  0.3417	 2
12000	 -6000	 1050	 550	 0	 1	 1	  0.2502	 1
12000	 -12000	 1050	 1050	 0	 1	 1	  0.3121	 1
12000	 -6000	 1050	 300	 0	 0	 1	  0.2903	 2
12000	 -6000	 1050	 300	 1	 0	 0	  0.9300	 2
-12000	 6000	 1050	 1050	 1	 0	 0	  0.3329	 2
-6000	 12000	 1050	 550	 0	 0	 0	  1.0065	 1
6000	 -12000	 1050	 1800	 0	 1	 0	  0.2994	 2
6000	 -12000	 1050	 550	 1	 0	 0	  0.2849	 1
-6000	 6000	 1050	 1050	 0	 0	 0	  0.2112	 2
-6000	 6000	 1050	 800	 0	 1	 1	  0.9435	 2
6000	 -12000	 1050	 300	 0	 1	 1	  0.3811	 1
12000	 -6000	 1050	 550	 1	 0	 0	  0.2795	 1
12000	 -12000	 1050	 550	 0	 1	 1	  0.2781	 1
12000	 -6000	 1050	 800	 0	 1	 0	  0.2694	 2
-12000	 6000	 1050	 1300	 1	 0	 1	  1.1615	 2
-12000	 12000	 1050	 1300	 1	 0	 0	  1.1293	 1
-12000	 6000	 1050	 1050	 1	 0	 1	  0.5122	 2
-12000	 12000	 1050	 1800	 0	 0	 1	  0.2583	 1
-12000	 12000	 1050	 800	 0	 1	 1	  0.2218	 1
-12000	 6000	 1050	 550	 0	 1	 1	  0.3206	 2
-12000	 12000	 1050	 800	 0	 1	 1	  0.7244	 1
6000	 -6000	 1050	 550	 1	 0	 0	  0.6256	 1
-12000	 12000	 1050	 1300	 0	 0	 0	  1.8520	 2
-6000	 6000	 1050	 550	 1	 0	 1	  0.6687	 2
-6000	 6000	 1050	 1550	 0	 1	 0	  0.7200	 2
12000	 -12000	 1050	 800	 0	 0	 0	  0.2072	 1
6000	 -12000	 1050	 550	 0	 0	 0	  0.1652	 1
6000	 -12000	 1050	 550	 1	 0	 1	  0.6180	 2
-12000	 12000	 1050	 1300	 0	 1	 1	  0.3016	 1
6000	 -12000	 1050	 1050	 1	 0	 1	  0.4863	 2
6000	 -6000	 1050	 1300	 1	 0	 1	  0.7863	 1
-6000	 12000	 1050	 550	 0	 0	 0	  0.2783	 1
6000	 -6000	 1050	 1050	 1	 0	 1	  0.4065	 2
-6000	 6000	 1050	 300	 0	 0	 1	  2.7322	 2
6000	 -6000	 1050	 1050	 1	 0	 1	  5.5899	 2
-12000	 12000	 1050	 1550	 0	 0	 1	  0.0284	 1
6000	 -12000	 1050	 300	 0	 1	 1	  0.0072	 2
-6000	 6000	 1050	 1550	 1	 0	 1	  0.2945	 2
-12000	 12000	 1050	 300	 1	 0	 1	  0.1947	 2
12000	 -6000	 1050	 550	 1	 0	 1	  0.8172	 2
-6000	 6000	 1050	 1550	 0	 1	 1	  0.0283	 1
12000	 -6000	 1050	 800	 0	 1	 1	  0.0152	 1
6000	 -12000	 1050	 800	 0	 0	 0	  0.3841	 1
-12000	 12000	 1050	 1800	 0	 1	 1	  1.1267	 1
6000	 -12000	 1050	 1050	 1	 0	 0	  0.2091	 1
-6000	 6000	 1050	 550	 0	 0	 0	  1.0205	 1
12000	 -6000	 1050	 550	 0	 0	 1	  0.2321	 1
12000	 -6000	 1050	 1300	 0	 1	 0	  0.9838	 2
6000	 -6000	 1050	 300	 0	 0	 1	  0.0549	 2
-12000	 12000	 1050	 1550	 1	 0	 1	  0.3073	 1
12000	 -6000	 1050	 1050	 0	 0	 0	  0.2934	 2
-12000	 12000	 1050	 1300	 0	 0	 0	  0.0827	 2
-12000	 12000	 1050	 800	 1	 0	 1	  2.1820	 2
-12000	 6000	 1050	 1800	 0	 1	 1	  0.5029	 1
12000	 -12000	 1050	 1550	 0	 1	 0	  0.8952	 2
12000	 -12000	 1050	 800	 0	 0	 0	  0.0048	 1
-6000	 6000	 1050	 1550	 0	 0	 0	  0.2894	 2
12000	 -12000	 1050	 800	 1	 0	 1	  0.2977	 2
12000	 -6000	 1050	 1800	 1	 0	 0	  0.4006	 2
-12000	 6000	 1050	 800	 1	 0	 1	  0.3373	 2
6000	 -12000	 1050	 300	 0	 0	 1	  0.3176	 2
-12000	 6000	 1050	 1300	 1	 0	 0	  0.6967	 1
6000	 -6000	 1050	 1050	 0	 0	 0	  0.3065	 2
-6000	 12000	 1050	 1300	 1	 0	 0	  0.4755	 1
-6000	 12000	 1050	 800	 0	 1	 1	  0.3257	 2
12000	 -6000	 1050	 300	 0	 1	 1	  2.0375	 1
12000	 -6000	 1050	 1300	 0	 1	 1	  9.7688	 1
-6000	 12000	 1050	 550	 0	 1	 0	  0.6379	 1
6000	 -6000	 1050	 1050	 0	 1	 0	  0.3105	 2
12000	 -12000	 1050	 1550	 0	 1	 1	  0.3192	 1
12000	 -12000	 1050	 800	 0	 0	 1	  1.3127	 2
-6000	 12000	 1050	 1550	 0	 0	 0	  0.3150	 2
6000	 -6000	 1050	 550	 0	 1	 1	  2.2408	 2
12000	 -12000	 1050	 1550	 0	 1	 0	  0.2202	 2
-6000	 6000	 1050	 1050	 1	 0	 1	  0.4720	 2
-6000	 12000	 1050	 1550	 1	 0	 0	  0.7588	 1
6000	 -12000	 1050	 1550	 0	 0	 0	  0.1498	 2
-12000	 6000	 1050	 300	 0	 1	 0	  0.2465	 1
6000	 -12000	 1050	 300	 0	 0	 1	  0.3935	 1
-12000	 6000	 1050	 1050	 0	 0	 0	  1.0400	 2
-12000	 12000	 1050	 300	 0	 0	 0	  0.3423	 1
-6000	 6000	 1050	 1300	 1	 0	 0	  0.3168	 2
-6000	 12000	 1050	 1800	 1	 0	 1	  0.9680	 1
-6000	 12000	 1050	 300	 0	 1	 1	  0.7814	 1
-6000	 12000	 1050	 1800	 0	 0	 0	  0.2706	 2
-12000	 6000	 1050	 300	 0	 0	 0	  0.2220	 1
-12000	 12000	 1050	 1550	 0	 1	 1	  0.3110	 1
6000	 -6000	 1050	 300	 0	 1	 1	  0.4033	 2
-6000	 12000	 1050	 1300	 0	 1	 1	  0.0762	 1
12000	 -12000	 1050	 300	 1	 0	 0	  0.4021	 1
6000	 -12000	 1050	 300	 1	 0	 0	  0.2939	 1
-6000	 12000	 1050	 1800	 0	 1	 1	  0.3443	 1
6000	 -6000	 1050	 1800	 0	 0	 1	  1.3458	 1
-12000	 6000	 1050	 1050	 1	 0	 0	  0.2752	 1
12000	 -12000	 1050	 1550	 0	 0	 0	  0.1780	 2
6000	 -12000	 1050	 550	 0	 0	 1	  1.5158	 2
6000	 -12000	 1050	 800	 0	 0	 0	  5.6251	 1
12000	 -12000	 1050	 1050	 1	 0	 1	  0.9590	 2
6000	 -6000	 1050	 1550	 1	 0	 1	  0.2446	 2
6000	 -12000	 1050	 800	 1	 0	 1	  0.6640	 2
12000	 -6000	 1050	 1300	 0	 1	 0	  0.0743	 2
-6000	 6000	 1050	 1050	 0	 0	 0	  0.5968	 2
-6000	 12000	 1050	 1550	 1	 0	 1	  0.2123	 2
-6000	 6000	 1050	 300	 1	 0	 1	  0.2926	 2
6000	 -12000	 1050	 1300	 1	 0	 0	  0.1136	 2
-12000	 6000	 1050	 1050	 0	 0	 1	  0.3248	 2
12000	 -12000	 1050	 1550	 1	 0	 1	  0.4204	 1
6000	 -6000	 1050	 550	 0	 0	 0	  0.3114	 1
6000	 -6000	 1050	 1800	 1	 0	 1	  0.3555	 1
-6000	 6000	 1050	 1300	 0	 0	 1	  0.8295	 1
-12000	 12000	 1050	 1550	 0	 0	 1	  0.2788	 1
6000	 -6000	 1050	 800	 0	 0	 1	  0.2310	 2
-12000	 6000	 1050	 300	 1	 0	 0	  1.0877	 1
12000	 -12000	 1050	 1050	 1	 0	 0	  0.1177	 1
-12000	 12000	 1050	 300	 0	 0	 1	  0.1325	 2
6000	 -6000	 1050	 1300	 0	 1	 0	  0.3440	 2
12000	 -12000	 1050	 1800	 0	 0	 1	  0.2284	 1
-6000	 12000	 1050	 800	 0	 1	 0	  0.3166	 2
12000	 -12000	 1050	 300	 0	 1	 0	  0.2779	 1
-12000	 6000	 1050	 300	 1	 0	 1	  0.3659	 2
-6000	 12000	 1050	 1800	 0	 0	 0	  0.2210	 2
-12000	 6000	 1050	 1800	 0	 0	 1	  0.2188	 1
12000	 -6000	 1050	 300	 0	 0	 0	  1.1754	 1
6000	 -6000	 1050	 550	 1	 0	 1	  0.2803	 2
6000	 -12000	 1050	 1300	 0	 0	 1	  0.2837	 1
6000	 -12000	 1050	 1300	 1	 0	 0	  0.3008	 2
6000	 -6000	 1050	 800	 0	 1	 1	  0.3465	 1
-12000	 12000	 1050	 1050	 0	 1	 0	  0.3554	 2
6000	 -12000	 1050	 1800	 1	 0	 0	  0.4368	 2
-12000	 12000	 1050	 550	 0	 1	 0	  0.3700	 1
6000	 -6000	 1050	 1800	 1	 0	 0	  0.1238	 2
-6000	 6000	 1050	 300	 1	 0	 0	  0.8546	 2
-6000	 6000	 1050	 1050	 1	 0	 0	  0.5230	 1
6000	 -12000	 1050	 1800	 0	 1	 1	  0.3298	 1
-6000	 12000	 1050	 300	 0	 0	 1	  0.2497	 2
-12000	 12000	 1050	 1550	 0	 1	 0	  0.3407	 2
6000	 -6000	 1050	 550	 0	 1	 1	  0.5266	 1
-6000	 6000	 1050	 1550	 0	 1	 1	  0.3617	 1
12000	 -12000	 1050	 1300	 0	 0	 1	  0.5502	 1
6000	 -12000	 1050	 1050	 0	 0	 0	  0.3946	 2
12000	 -6000	 1050	 1550	 0	 0	 1	  0.9346	 1
-12000	 6000	 1050	 1550	 0	 0	 1	  0.2748	 1
-12000	 12000	 1050	 300	 1	 0	 1	  0.3744	 2
12000	 -6000	 1050	 1800	 0	 0	 1	  0.2788	 2
-6000	 6000	 1050	 1550	 1	 0	 1	  0.6349	 2
12000	 -6000	 1050	 1050	 1	 0	 1	  0.2281	 2
-12000	 12000	 1050	 800	 0	 0	 0	  0.2176	 1
-12000	 12000	 1050	 800	 1	 0	 1	  0.4584	 1
-6000	 12000	 1050	 1050	 0	 1	 1	  0.7341	 1
-12000	 6000	 1050	 800	 1	 0	 0	  1.0600	 1
6000	 -6000	 1050	 1050	 0	 0	 1	  1.2782	 2
-6000	 12000	 1050	 300	 0	 1	 0	  0.3043	 1
12000	 -12000	 1050	 550	 0	 1	 0	  0.3369	 1
-12000	 12000	 1050	 1800	 1	 0	 1	  0.2710	 2
6000	 -6000	 1050	 1800	 0	 0	 0	  0.3026	 2
-6000	 12000	 1050	 800	 1	 0	 1	  0.7268	 1
-6000	 6000	 1050	 1300	 1	 0	 0	  0.6088	 2
-6000	 6000	 1050	 1800	 1	 0	 1	  0.3638	 1
6000	 -6000	 1050	 800	 0	 1	 0	  0.4999	 2
-12000	 6000	 1050	 800	 1	 0	 1	  0.3218	 1
6000	 -6000	 1050	 1550	 0	 0	 0	  0.2837	 2
6000	 -12000	 1050	 1550	 0	 1	 1	  0.3785	 1
-12000	 6000	 1050	 1550	 0	 1	 0	  0.1953	 2
12000	 -6000	 1050	 300	 0	 0	 0	  0.3108	 1
-6000	 6000	 1050	 1300	 0	 0	 1	  0.3743	 2
12000	 -12000	 1050	 300	 0	 1	 0	  0.5653	 1
-6000	 6000	 1050	 800	 0	 1	 0	  0.3066	 2
12000	 -6000	 1050	 1550	 0	 0	 0	  1.3259	 2
12000	 -6000	 1050	 800	 0	 1	 0	  3.9597	 2
-12000	 6000	 1050	 1050	 0	 0	 0	  1.4126	 2
-6000	 6000	 1050	 1300	 0	 0	 0	  0.2001	 2
-6000	 6000	 1050	 300	 0	 1	 1	  0.2506	 2
-6000	 6000	 1050	 300	 0	 1	 0	  0.0861	 1
6000	 -6000	 1050	 550	 0	 0	 0	  0.7980	 2
-12000	 6000	 1050	 1300	 0	 1	 0	  1.1256	 2
-6000	 6000	 1050	 1800	 0	 1	 1	  0.8055	 2
6000	 -12000	 1050	 1550	 0	 1	 1	  1.1741	 1
-6000	 12000	 1050	 1550	 0	 0	 1	  0.3951	 1
12000	 -6000	 1050	 1800	 1	 0	 0	  0.4215	 2
12000	 -12000	 1050	 1800	 0	 0	 1	  0.5238	 1
-6000	 6000	 1050	 550	 0	 0	 0	  0.2815	 1
-6000	 6000	 1050	 550	 0	 1	 0	  0.3383	 1
12000	 -12000	 1050	 1550	 0	 0	 0	  0.2776	 2
6000	 -6000	 1050	 1550	 0	 1	 0	  0.3047	 2
12000	 -12000	 1050	 1050	 1	 0	 0	  1.6456	 2
-6000	 12000	 1050	 1550	 1	 0	 1	  0.2696	 1
-12000	 12000	 1050	 1050	 1	 0	 1	  0.2015	 2
12000	 -6000	 1050	 1550	 1	 0	 0	  0.0859	 2
-6000	 6000	 1050	 1800	 0	 0	 0	  0.9557	 1
-6000	 12000	 1050	 1050	 0	 0	 1	  0.9298	 2
6000	 -6000	 1050	 1050	 1	 0	 0	  1.0023	 2
12000	 -12000	 1050	 1050	 0	 0	 0	  0.9320	 2
6000	 -12000	 1050	 550	 0	 0	 0	  0.0541	 1
-6000	 6000	 1050	 800	 0	 0	 1	  0.6940	 2
12000	 -6000	 1050	 1300	 0	 0	 1	  0.3291	 1
12000	 -12000	 1050	 550	 0	 0	 0	  0.3361	 1
-12000	 6000	 1050	 550	 1	 0	 1	  0.0648	 2
12000	 -6000	 1050	 800	 0	 0	 1	  0.6295	 1
6000	 -6000	 1050	 550	 0	 1	 0	  0.8857	 1
-6000	 12000	 1050	 1050	 0	 1	 0	  0.6610	 1
-6000	 12000	 1050	 1550	 0	 1	 0	  0.0603	 2
-6000	 6000	 1050	 800	 0	 0	 1	  0.2630	 2
-12000	 6000	 1050	 550	 0	 0	 1	  0.8078	 2
6000	 -6000	 1050	 1800	 1	 0	 1	  0.2295	 1
-12000	 12000	 1050	 1050	 0	 1	 1	  1.0897	 1
12000	 -12000	 1050	 1300	 1	 0	 1	  0.4964	 1
-6000	 12000	 1050	 1300	 0	 0	 0	  0.0768	 2
12000	 -6000	 1050	 1050	 0	 0	 1	  0.0308	 1
6000	 -12000	 1050	 1550	 1	 0	 1	  0.7159	 2
-12000	 6000	 1050	 1550	 1	 0	 0	  0.3051	 2
6000	 -6000	 1050	 1550	 0	 1	 1	  0.5344	 2
12000	 -6000	 1050	 550	 1	 0	 1	  0.3162	 1
12000	 -6000	 1050	 300	 0	 0	 1	  1.2433	 2
6000	 -12000	 1050	 1550	 1	 0	 0	  0.2887	 2
-12000	 12000	 1050	 1550	 1	 0	 0	  0.9029	 2
6000	 -6000	 1050	 300	 1	 0	 1	  0.3846	 2
6000	 -6000	 1050	 1550	 0	 1	 1	  0.0227	 2
-12000	 12000	 1050	 1300	 1	 0	 1	  2.2484	 2
12000	 -12000	 1050	 1300	 0	 0	 1	  0.3254	 1
6000	 -6000	 1050	 1800	 0	 1	 0	  0.5348	 1
-12000	 6000	 1050	 300	 0	 0	 1	  2.9261	 2
-6000	 6000	 1050	 1050	 0	 1	 0	  1.4456	 2
-12000	 12000	 1050	 800	 1	 0	 0	  0.4388	 1
6000	 -6000	 1050	 1300	 1	 0	 1	  0.2653	 2
-12000	 6000	 1050	 300	 1	 0	 0	  0.1101	 1
12000	 -6000	 1050	 1550	 0	 0	 1	  0.3252	 1
-6000	 12000	 1050	 1050	 0	 0	 1	  0.7782	 1
-6000	 6000	 1050	 550	 0	 1	 1	  0.0078	 2
-6000	 12000	 1050	 1050	 0	 0	 0	  0.4206	 1
6000	 -6000	 1050	 300	 0	 1	 0	  0.6206	 1
-12000	 12000	 1050	 300	 0	 1	 1	  0.3473	 2
12000	 -12000	 1050	 1800	 0	 1	 0	  0.4406	 2
-12000	 12000	 1050	 1050	 0	 0	 0	  0.3430	 2
6000	 -12000	 1050	 800	 0	 1	 1	  1.0626	 1
6000	 -12000	 1050	 300	 0	 1	 0	  0.3672	 1
-6000	 12000	 1050	 1300	 1	 0	 0	  0.3603	 2
-12000	 6000	 1050	 800	 0	 0	 0	  0.1367	 2
12000	 -6000	 1050	 1800	 0	 1	 0	  0.3752	 2
6000	 -6000	 1050	 1550	 1	 0	 0	  0.0783	 1
-6000	 6000	 1050	 1300	 0	 1	 1	  0.4357	 1
-6000	 12000	 1050	 1300	 0	 0	 1	  0.9900	 1
-6000	 6000	 1050	 1800	 1	 0	 1	  0.6164	 2
-6000	 12000	 1050	 1050	 1	 0	 1	  0.5655	 2
-12000	 6000	 1050	 1050	 0	 1	 0	  2.7839	 2
-12000	 12000	 1050	 1050	 0	 0	 1	  1.6002	 2
-6000	 6000	 1050	 800	 1	 0	 0	  0.4311	 1
6000	 -12000	 1050	 300	 0	 1	 0	  0.4555	 1
-12000	 6000	 1050	 1050	 1	 0	 1	  0.2040	 2
-6000	 12000	 1050	 1300	 0	 1	 0	  0.3417	 2
6000	 -6000	 1050	 800	 1	 0	 0	  1.0947	 2
12000	 -6000	 1050	 1800	 0	 0	 1	  0.2796	 1
-6000	 12000	 1050	 1300	 0	 0	 1	  0.0978	 1
12000	 -6000	 1050	 1800	 0	 1	 0	  0.2596	 2
-12000	 6000	 1050	 1800	 0	 0	 1	  5.0079	 1
-12000	 6000	 1050	 1300	 1	 0	 1	  0.3088	 1
12000	 -6000	 1050	 550	 0	 0	 1	  0.2423	 1
12000	 -12000	 1050	 1800	 1	 0	 1	  0.2046	 2
-6000	 12000	 1050	 550	 0	 1	 1	  0.1355	 2
-6000	 6000	 1050	 1550	 0	 1	 0	  0.3011	 2
-6000	 6000	 1050	 1050	 0	 1	 1	  0.0896	 1
12000	 -6000	 1050	 1800	 1	 0	 1	  0.1476	 1
-12000	 6000	 1050	 1800	 0	 0	 0	  1.7059	 2
-6000	 12000	 1050	 550	 0	 1	 1	  1.0307	 2
12000	 -12000	 1050	 550	 0	 1	 1	  0.2774	 2
-6000	 6000	 1050	 300	 0	 0	 1	  1.3359	 2
6000	 -6000	 1050	 550	 1	 0	 0	  0.5189	 1
6000	 -6000	 1050	 300	 0	 1	 1	  0.2971	 2
-6000	 12000	 1050	 550	 1	 0	 1	  0.1418	 2
-12000	 12000	 1050	 1550	 0	 1	 1	  0.4815	 2
12000	 -6000	 1050	 1300	 1	 0	 0	  0.1222	 1
12000	 -12000	 1050	 1300	 0	 1	 1	  0.6893	 1
-12000	 12000	 1050	 300	 0	 0	 0	  0.1354	 1
12000	 -6000	 1050	 1800	 0	 0	 0	  0.1018	 2
12000	 -12000	 1050	 800	 0	 1	 0	  0.4623	 1
-12000	 12000	 1050	 300	 0	 1	 1	  0.1465	 2
12000	 -12000	 1050	 300	 0	 0	 0	  0.2852	 1
-6000	 6000	 1050	 1550	 0	 0	 1	  0.1928	 1
-12000	 12000	 1050	 1050	 1	 0	 0	  0.2662	 1
-6000	 12000	 1050	 1300	 0	 1	 0	  5.2732	 2
-12000	 6000	 1050	 1550	 0	 1	 0	  0.0778	 2
-6000	 6000	 1050	 1300	 0	 1	 0	  0.7485	 2
6000	 -12000	 1050	 800	 0	 1	 1	  0.9053	 1
6000	 -12000	 1050	 300	 1	 0	 1	  0.8383	 2
-6000	 6000	 1050	 1550	 1	 0	 0	  0.4211	 1
6000	 -6000	 1050	 800	 0	 0	 1	  0.8862	 1
6000	 -6000	 1050	 1800	 0	 1	 1	  0.3920	 2
12000	 -12000	 1050	 1050	 0	 1	 1	  0.2669	 1
6000	 -6000	 1050	 1800	 0	 0	 1	  0.2478	 1
12000	 -6000	 1050	 300	 1	 0	 0	  0.2560	 1
6000	 -6000	 1050	 1050	 0	 1	 0	  0.4009	 2
-12000	 6000	 1050	 550	 0	 0	 0	  0.1414	 1
-6000	 12000	 1050	 1050	 0	 1	 1	  0.0850	 1
6000	 -12000	 1050	 1550	 1	 0	 0	  0.4343	 2
12000	 -12000	 1050	 1300	 0	 1	 1	  0.2148	 1
-12000	 12000	 1050	 800	 0	 0	 1	  0.2540	 2
-12000	 12000	 1050	 1800	 1	 0	 0	  0.1069	 2
-6000	 6000	 1050	 300	 1	 0	 1	  0.4123	 2
12000	 -12000	 1050	 550	 0	 0	 1	  0.3192	 2
-6000	 12000	 1050	 1800	 0	 0	 1	  0.2240	 1
-12000	 12000	 1050	 800	 0	 0	 1	  0.2734	 2
-6000	 6000	 1050	 550	 1	 0	 0	  0.2641	 1
-6000	 12000	 1050	 800	 1	 0	 0	  0.2414	 1
-6000	 6000	 1050	 1300	 1	 0	 1	  0.2936	 2
-6000	 6000	 1050	 300	 0	 0	 0	  0.3019	 1
-6000	 6000	 1050	 800	 0	 1	 1	  2.7978	 2
6000	 -12000	 1050	 1050	 0	 1	 0	  0.2862	 2
-6000	 6000	 1050	 1550	 0	 0	 0	  1.1814	 1
-12000	 6000	 1050	 1300	 0	 0	 0	  0.2233	 2
-6000	 6000	 1050	 1800	 0	 0	 0	  2.0160	 2
-6000	 6000	 1050	 1800	 1	 0	 0	  0.6499	 2
6000	 -12000	 1050	 1050	 0	 1	 0	  0.4870	 1
-6000	 6000	 1050	 550	 1	 0	 1	  0.4325	 2
12000	 -12000	 1050	 300	 0	 0	 0	  0.6698	 1
12000	 -6000	 1050	 550	 1	 0	 0	  0.2291	 1
12000	 -6000	 1050	 1300	 1	 0	 1	  0.4715	 1
6000	 -6000	 1050	 1550	 0	 0	 0	  0.3008	 2
-6000	 6000	 1050	 1800	 0	 1	 0	  0.2609	 2
6000	 -12000	 1050	 1300	 0	 1	 1	  0.3427	 1
-12000	 12000	 1050	 1800	 0	 1	 0	  0.3148	 1
6000	 -12000	 1050	 800	 0	 1	 0	  0.2821	 2
-12000	 6000	 1050	 800	 0	 0	 0	  0.3865	 1
-12000	 6000	 1050	 550	 0	 0	 1	  0.7366	 2
-12000	 6000	 1050	 1300	 0	 1	 1	  0.3918	 1
12000	 -6000	 1050	 1050	 1	 0	 0	  0.0890	 1
12000	 -6000	 1050	 800	 1	 0	 1	  0.7166	 2
-12000	 6000	 1050	 1800	 1	 0	 0	  2.2985	 2
6000	 -12000	 1050	 1800	 1	 0	 1	  0.3003	 1
6000	 -12000	 1050	 1300	 0	 1	 0	  0.2687	 2
-12000	 12000	 1050	 1800	 0	 1	 1	  0.2266	 1
-12000	 6000	 1050	 300	 0	 1	 0	  0.9122	 1
-12000	 6000	 1050	 1550	 1	 0	 1	  0.2699	 2
12000	 -6000	 1050	 550	 0	 0	 0	  0.2665	 1
6000	 -12000	 1050	 1050	 0	 1	 1	  0.3750	 2
6000	 -6000	 1050	 1050	 0	 1	 1	  0.3236	 1
6000	 -6000	 1050	 300	 0	 0	 1	  0.3863	 2
6000	 -12000	 1050	 1050	 0	 0	 1	  0.1993	 1
